YES
10 26 25 22 62 4 59 23 41 46 49 30 9 47 39 51 20 3 5 54 11 21 19 14 32 17 69 15 70 48 13 64 67 42 8 31 24 65 60 6 43 56 28 53 12 7 68 55 29 16 34 33 44 37 35 50 58 57 61 18 40 66 45 52 38 2 1 63 27 36 
NO
YES
16 41 18 25 26 22 51 37 49 13 29 31 23 24 8 45 40 9 14 27 35 11 17 1 39 21 3 2 53 6 48 38 12 7 5 44 47 52 43 34 20 36 46 28 4 50 33 15 30 42 10 32 19 
YES
1 
NO
YES
1 
YES
1 
NO
YES
12 5 3 17 18 9 11 13 10 2 15 1 16 4 8 7 6 14 
NO
NO
YES
2 1 5 3 4 
NO
NO
NO
YES
41 27 14 9 58 25 56 49 57 54 59 13 42 23 31 17 4 29 47 24 1 38 63 2 22 10 43 8 3 20 62 18 37 28 16 50 7 26 44 19 52 53 34 46 36 64 65 15 40 55 60 33 45 48 32 11 61 35 39 51 30 5 6 21 12 
YES
33 50 23 53 29 37 10 35 34 17 38 9 16 8 25 1 5 28 13 46 30 4 18 57 22 26 39 21 12 24 45 6 14 41 27 43 31 19 47 49 48 56 20 54 52 32 15 11 40 7 44 55 36 42 51 2 3 
NO
YES
25 10 14 9 17 1 5 4 2 27 30 11 29 15 20 8 24 26 3 28 21 18 22 23 13 19 7 16 6 31 12 
NO
YES
14 19 16 1 5 15 3 13 17 12 11 10 4 18 20 9 8 6 7 2 
NO
YES
60 48 73 53 46 87 32 70 74 2 11 28 88 64 85 45 61 36 66 55 5 68 84 80 43 65 79 72 10 9 76 8 19 62 40 29 69 56 86 49 20 24 3 1 47 15 59 7 51 23 13 75 83 89 35 30 37 4 81 41 6 42 17 18 54 71 77 27 57 31 44 33 38 78 82 14 58 52 50 39 22 25 21 63 16 26 67 34 12 
NO
YES
61 7 79 29 42 94 96 4 62 93 46 70 49 59 43 24 81 82 37 18 27 86 34 16 53 45 41 23 51 39 72 6 54 71 5 74 78 83 52 75 50 3 73 85 13 26 1 76 38 14 58 87 19 63 31 44 2 12 47 10 57 40 17 88 9 60 20 30 77 48 64 25 33 84 11 97 8 28 89 91 15 95 65 35 92 69 66 55 80 32 36 90 22 68 56 67 21 
NO
YES
13 19 1 24 15 23 9 5 25 11 10 6 8 20 14 16 22 2 17 12 7 3 21 4 18 
YES
16 8 29 19 14 32 18 33 31 21 15 36 25 5 6 28 30 2 10 11 4 26 24 7 34 27 12 1 35 23 3 41 42 22 20 13 17 38 37 39 40 9 
NO
NO
NO
NO
NO
YES
5 3 7 15 8 2 4 11 6 10 19 9 16 17 14 13 1 20 12 18 
YES
5 49 14 58 61 1 67 44 18 46 70 50 11 45 68 52 59 30 28 40 35 23 38 63 41 71 24 34 7 31 39 55 32 19 6 60 13 17 48 62 43 36 20 8 29 22 56 2 37 26 33 16 10 4 65 12 69 27 53 54 3 57 51 64 9 42 21 47 66 25 15 72 
YES
4 5 3 1 2 7 6 
YES
24 34 15 26 13 8 2 5 45 47 38 33 49 27 19 43 21 4 51 48 50 36 16 7 32 18 20 1 31 40 11 25 12 22 29 17 46 28 41 10 30 23 9 6 3 35 44 39 37 14 42 
NO
NO
NO
NO
NO
YES
21 18 27 19 20 12 16 14 13 7 28 15 31 3 25 23 34 6 4 30 8 10 5 24 2 22 29 17 26 33 9 11 1 32 
NO
NO
NO
NO
NO
YES
3 9 7 2 4 8 1 6 5 
NO
YES
4 6 7 3 5 1 2 
NO
YES
1 2 8 6 9 5 4 3 7 
YES
17 4 12 15 14 1 13 9 19 2 8 7 20 21 11 16 18 5 6 3 22 10 
YES
6 1 4 3 2 5 
YES
11 12 2 1 28 5 17 24 7 6 20 27 23 10 22 8 18 4 30 13 16 26 19 3 25 14 9 29 21 15 
YES
24 21 26 36 25 28 12 11 23 44 15 2 19 37 20 41 8 17 32 33 5 16 7 6 29 18 27 34 10 45 14 3 22 35 38 40 4 30 42 31 43 39 1 9 13 
NO
YES
7 1 10 3 2 6 19 12 20 22 8 21 24 11 13 14 18 4 9 17 16 15 23 5 
YES
10 5 3 4 7 2 9 1 6 8 
YES
5 23 11 1 19 13 3 15 17 9 22 8 7 16 2 21 6 10 14 18 25 4 20 12 24 
YES
6 9 2 8 3 5 4 1 7 
NO
NO
NO
NO
YES
48 6 4 26 1 39 42 25 32 49 15 2 9 47 31 13 19 45 27 40 35 36 11 16 37 18 8 24 10 28 22 38 29 34 43 14 12 21 33 7 30 41 23 50 20 17 46 44 3 5 
YES
1 
YES
1 2 
YES
8 5 14 2 18 3 16 17 11 1 4 10 15 12 13 9 7 6 
YES
2 1 6 3 5 4 7 
NO
NO
YES
3 17 11 28 13 5 40 12 2 30 14 38 1 45 52 27 39 21 41 42 54 22 36 47 9 6 23 35 49 57 53 20 56 10 7 60 8 16 51 37 24 58 29 15 19 31 46 48 43 33 18 59 26 55 50 34 25 4 44 32 
NO
YES
12 14 11 13 4 1 5 2 8 3 10 6 9 7 
YES
18 22 19 20 10 4 24 14 17 3 34 25 21 8 13 29 9 11 31 26 32 7 2 6 5 33 30 23 15 16 1 12 27 28 
YES
1 30 10 14 32 13 15 26 8 25 21 5 3 33 4 24 12 7 23 11 20 31 17 18 6 29 19 16 28 22 27 2 9 
NO
YES
1 
NO
NO
NO
YES
10 7 14 11 2 13 1 3 8 12 6 5 9 4 
NO
YES
56 58 9 36 39 22 41 5 25 27 10 3 55 60 51 26 31 59 48 46 43 4 18 52 32 57 30 47 50 8 35 38 28 42 33 54 12 2 53 6 34 17 23 1 29 49 37 7 24 11 14 40 44 45 19 21 20 13 15 16 
YES
47 59 10 31 22 15 17 38 55 40 21 5 53 54 33 25 57 61 4 51 48 20 28 29 37 19 1 13 24 45 23 34 27 36 30 6 9 26 32 56 12 44 8 18 46 14 16 11 41 2 35 3 50 49 39 42 58 52 60 7 43 
NO
YES
5 6 4 8 1 7 3 2 
YES
1 23 39 18 28 40 41 7 11 8 38 20 10 36 30 37 32 4 25 34 9 33 12 27 35 15 31 14 13 24 22 16 19 26 5 17 29 6 21 3 2 42 
YES
11 6 22 7 2 26 20 15 28 21 25 4 9 5 24 16 18 23 3 19 14 17 27 8 13 1 10 12 
NO
NO
YES
44 26 31 16 24 43 17 10 30 39 6 22 18 4 20 11 33 37 13 23 27 5 35 29 15 14 1 25 8 3 28 42 12 38 9 2 40 7 36 19 21 34 32 41 
NO
YES
18 9 25 16 31 10 7 5 21 26 4 19 23 8 27 15 14 24 28 22 1 29 20 6 32 13 30 17 11 2 12 3 
YES
5 1 3 2 4 
YES
28 12 61 19 13 47 27 17 14 40 30 16 26 50 15 29 65 34 8 11 3 59 33 55 43 1 31 39 51 18 52 24 35 45 66 58 63 53 60 38 44 56 41 9 7 64 4 5 57 22 49 67 54 23 48 6 37 46 21 10 36 32 42 62 20 25 2 
YES
11 10 2 8 3 5 4 6 9 1 7 
NO
NO
YES
2 1 4 3 
YES
15 16 34 19 33 1 9 35 37 2 38 18 21 7 3 22 36 27 26 31 29 8 32 17 5 10 25 4 14 24 12 28 20 6 23 13 11 30 
YES
17 16 5 12 19 3 15 6 8 18 9 4 10 2 21 20 7 13 11 14 1 
YES
20 6 8 2 17 7 3 15 19 10 11 16 4 1 18 12 5 14 9 13 
YES
17 7 26 5 10 18 6 22 14 23 15 12 20 9 27 8 19 11 13 2 21 3 24 16 4 1 25 
YES
25 53 2 55 49 6 37 32 52 1 34 35 27 44 14 3 24 12 7 47 23 22 31 29 38 17 5 30 11 18 45 9 8 26 50 36 42 43 13 39 48 33 54 20 21 28 10 16 40 15 41 51 19 4 46 
NO
YES
2 10 5 9 7 6 8 4 1 3 
NO
YES
13 36 17 9 11 14 30 29 26 27 10 21 16 8 37 4 5 33 7 24 20 23 2 12 34 15 22 32 6 3 28 19 18 31 25 1 35 
NO
NO
NO
NO
YES
55 31 32 39 44 24 49 37 20 29 22 21 47 10 6 16 33 48 4 19 7 9 12 28 30 45 54 25 26 34 27 15 53 50 5 36 18 11 8 42 41 14 51 17 1 23 43 46 38 3 13 52 40 2 35 
NO
YES
7 5 3 1 11 2 10 9 4 6 8 
YES
11 19 10 13 6 3 4 8 7 1 17 9 18 15 5 12 14 2 16 20 
NO
YES
2 3 1 4 
YES
5 3 6 7 2 4 1 
NO
YES
11 24 9 10 17 23 12 29 4 20 26 27 3 21 16 13 5 22 15 18 14 7 28 2 25 30 6 1 19 8 
NO
YES
19 14 16 4 7 12 6 8 9 17 5 15 11 1 2 10 13 3 20 18 
NO
YES
6 4 3 2 1 8 7 5 
YES
6 14 18 16 11 5 3 15 8 12 17 9 2 7 20 13 10 1 19 4 
YES
2 1 3 
NO
YES
16 24 14 22 15 17 7 6 9 18 23 8 1 2 10 4 5 19 25 21 12 20 11 13 3 
YES
39 8 28 33 10 14 18 29 31 34 46 43 5 11 12 41 36 26 45 44 40 38 37 24 47 42 6 30 48 21 4 23 9 1 25 13 19 16 7 32 2 20 22 27 49 35 3 15 17 
NO
NO
YES
17 11 20 18 16 6 8 3 12 5 19 7 4 13 1 2 14 15 21 9 10 22 
YES
1 
NO
YES
22 34 21 36 10 28 6 11 25 27 35 44 43 4 41 5 8 16 23 2 14 12 19 33 31 17 15 39 29 32 7 30 37 40 24 42 18 20 9 13 1 3 38 26 
YES
1 
NO
YES
5 27 26 17 13 2 29 28 7 30 41 16 20 1 22 38 21 25 35 43 33 47 37 4 6 24 18 39 45 32 42 19 8 10 23 44 3 34 46 15 31 12 36 11 40 9 14 
NO
YES
3 1 2 
YES
1 
YES
16 12 7 17 9 21 4 18 15 19 5 2 8 3 13 10 11 22 6 14 1 20 
YES
6 2 3 8 1 4 7 5 
NO
YES
14 49 2 26 7 72 6 30 50 16 17 1 46 29 75 35 62 43 3 55 32 38 21 40 63 56 58 74 65 36 76 13 47 53 23 52 61 51 28 69 24 70 11 22 12 42 20 9 15 10 64 4 66 44 34 54 60 31 73 68 19 48 41 59 39 5 37 27 71 18 8 67 25 57 33 45 
NO
YES
77 28 34 76 71 17 27 57 65 72 3 32 46 15 38 23 48 6 25 41 52 29 31 7 68 43 24 58 30 60 64 10 33 47 44 35 40 12 26 49 67 19 37 11 20 45 16 61 42 39 36 51 53 75 54 5 8 63 9 1 22 50 66 69 4 2 73 62 70 18 74 14 21 56 59 55 13 
YES
14 77 34 74 3 39 94 89 52 30 67 1 5 28 86 2 61 36 78 84 17 6 95 46 48 9 26 35 65 49 15 55 40 12 83 90 81 87 45 72 57 73 63 19 20 93 91 51 80 25 69 43 29 64 68 76 56 8 31 22 47 71 21 44 13 60 59 18 85 79 23 38 42 70 92 7 27 66 10 4 54 24 88 37 58 11 33 82 41 32 16 75 62 50 53 
YES
7 10 4 2 1 3 11 6 8 12 9 14 13 5 
YES
6 7 10 2 8 3 9 4 5 1 
YES
23 29 16 20 27 11 26 4 2 30 36 15 34 6 1 22 12 39 24 33 5 18 28 31 3 21 38 17 25 9 8 19 10 37 7 13 35 14 32 
YES
9 41 16 14 45 7 36 51 28 12 24 43 55 53 37 38 18 39 8 47 22 3 32 46 2 44 35 27 6 20 4 31 19 21 15 29 10 23 26 40 52 30 5 54 1 50 13 34 49 33 42 48 11 25 17 
YES
19 68 23 28 34 58 5 30 49 42 47 54 18 36 67 44 13 20 48 45 65 51 29 14 37 40 11 9 56 62 60 27 61 43 59 10 53 32 16 21 1 50 70 46 22 33 17 7 38 64 6 41 39 12 66 8 25 57 2 3 63 4 69 52 15 55 31 24 26 35 71 
NO
NO
NO
YES
4 1 3 2 
NO
YES
20 6 11 19 23 10 2 27 33 40 3 32 5 8 39 25 13 17 35 9 36 22 12 30 4 41 24 7 34 26 29 14 38 1 15 18 31 16 28 37 21 
YES
3 9 2 11 10 7 5 8 4 1 6 
NO
NO
YES
3 1 2 4 
YES
93 80 75 20 38 49 65 64 70 46 35 76 3 90 92 29 97 95 42 11 69 62 57 84 52 31 56 71 26 39 23 94 10 34 83 88 21 27 77 50 41 82 89 63 19 51 36 100 40 30 1 15 18 53 6 22 74 45 2 67 91 32 78 66 7 17 55 12 43 44 37 59 4 25 98 79 96 8 68 48 85 54 87 86 14 47 81 13 72 60 5 24 61 9 28 16 58 33 99 73 
YES
1 
NO
YES
5 3 18 22 7 10 23 16 25 9 19 6 14 27 1 15 20 29 21 12 8 26 2 11 17 13 24 4 30 28 
NO
YES
14 11 31 26 9 22 47 20 28 45 27 40 15 34 17 46 24 35 43 21 38 13 42 12 1 16 3 7 29 32 48 41 19 4 18 6 44 25 23 30 33 51 2 39 10 8 36 49 50 37 5 
YES
1 
NO
NO
YES
3 1 4 2 6 5 
NO
YES
3 50 42 15 44 4 19 11 28 1 30 47 45 33 9 46 22 51 38 10 16 14 20 37 48 18 2 31 23 40 43 12 29 25 21 32 26 5 24 39 27 36 17 7 34 8 41 49 35 6 13 
YES
4 1 8 13 11 2 12 10 9 6 3 7 5 
NO
YES
1 4 2 3 
YES
11 1 7 3 6 8 9 10 4 12 2 5 
NO
YES
22 20 26 10 13 7 4 6 23 8 24 29 17 9 5 2 11 25 3 18 30 28 15 14 19 1 21 16 27 31 12 
YES
1 2 
YES
6 2 7 3 8 1 5 4 
NO
NO
YES
7 4 6 3 10 2 9 12 8 5 1 11 
NO
YES
1 4 3 5 2 
YES
2 1 
YES
1 
YES
1 
YES
28 5 15 7 9 1 18 6 23 27 11 24 16 10 32 13 31 20 4 21 33 2 12 26 22 25 8 17 30 14 19 29 3 
YES
46 38 58 35 30 28 49 13 34 59 22 54 20 47 5 32 17 8 39 27 16 11 4 51 23 7 14 24 37 48 21 41 43 45 9 53 15 56 12 36 33 10 55 42 52 3 19 57 6 18 40 26 25 31 1 44 29 50 2 
YES
3 1 2 
YES
10 6 7 3 2 9 11 5 8 1 4 
NO
NO
NO
NO
NO
NO
YES
1 2 
YES
4 11 12 3 18 16 14 13 20 21 23 22 7 5 2 1 9 19 15 10 6 8 17 
YES
19 18 8 13 2 6 9 4 3 15 5 7 16 10 17 11 1 12 14 
YES
6 57 34 9 5 66 20 52 53 71 70 36 30 35 24 67 56 28 50 21 60 18 11 39 19 3 22 48 27 7 8 29 37 13 44 46 69 55 25 1 74 2 61 58 59 62 15 73 63 51 65 54 38 10 16 31 42 40 68 23 41 43 26 14 45 49 12 72 17 4 47 32 33 64 
YES
4 7 8 10 16 12 5 13 2 14 3 9 1 11 15 6 
NO
YES
4 6 18 7 3 8 9 17 11 5 2 13 15 14 12 10 1 16 
NO
NO
YES
1 
NO
YES
2 17 18 20 13 25 3 21 26 6 24 4 8 23 15 10 12 22 19 9 14 7 11 5 16 27 1 
YES
2 1 5 3 6 4 
NO
NO
YES
1 
YES
8 6 10 7 11 1 3 2 9 5 12 4 
YES
15 16 14 44 48 30 40 45 23 10 29 42 47 5 37 6 31 39 36 18 22 49 8 27 21 11 33 43 24 25 50 1 34 26 38 12 9 4 41 35 46 7 17 19 20 3 28 32 13 2 
NO
YES
37 51 40 12 66 54 10 65 46 62 18 25 67 58 22 48 30 68 8 14 35 9 20 24 3 15 27 59 2 32 1 56 63 52 45 38 55 23 44 13 17 28 61 39 4 60 31 21 33 5 16 36 47 50 49 42 29 43 26 41 7 64 34 53 6 57 19 11 
YES
11 20 23 12 27 26 25 38 9 29 7 37 16 21 17 15 13 2 8 18 22 14 5 24 36 33 10 31 28 4 32 6 34 30 35 3 1 19 
YES
1 4 3 2 5 
NO
YES
20 18 5 36 43 16 33 1 7 11 30 19 27 34 15 2 25 21 12 10 26 13 39 40 38 3 8 42 35 31 6 23 24 37 32 14 41 4 22 17 28 9 29 
YES
1 3 2 
NO
NO
YES
2 25 11 5 14 13 8 19 24 18 1 6 27 21 15 26 22 9 16 4 12 23 10 3 17 7 20 
NO
NO
YES
1 2 3 
NO
YES
2 29 1 27 17 8 31 7 4 12 9 20 24 6 5 16 26 10 21 30 28 15 25 3 11 22 14 18 19 13 23 
YES
30 35 36 48 5 46 29 18 7 4 3 42 17 13 27 37 34 11 10 25 49 6 8 33 19 15 14 24 47 28 9 31 26 20 41 45 23 43 44 1 22 38 16 12 39 21 32 40 2 
YES
2 1 
NO
NO
YES
2 4 3 1 
NO
YES
10 11 1 3 7 5 8 9 2 4 6 
NO
NO
YES
2 24 3 11 21 4 15 19 14 16 22 10 17 5 18 12 20 8 7 6 1 13 9 23 
YES
21 14 22 7 3 1 11 12 13 19 5 4 15 9 16 8 10 6 20 2 18 17 
NO
YES
1 
YES
1 
YES
39 41 28 35 63 44 54 76 38 6 11 64 32 25 62 5 72 55 40 18 66 73 71 46 50 7 16 14 42 48 24 1 27 26 2 9 53 43 20 56 77 65 19 60 13 61 69 29 12 58 37 57 59 75 78 68 21 22 34 31 49 45 15 80 79 74 36 8 52 47 51 3 17 33 10 23 70 4 30 67 
NO
NO
YES
13 5 15 11 2 1 18 20 12 19 8 16 14 17 3 6 9 10 21 7 4 
YES
6 4 2 5 3 1 
YES
1 2 
NO
YES
1 
NO
NO
YES
2 1 
YES
2 1 4 3 
YES
1 
NO
NO
NO
YES
5 11 8 12 16 15 3 2 10 18 13 9 6 4 17 7 1 14 
YES
46 25 2 14 27 33 4 3 42 20 12 26 43 34 24 11 30 40 37 1 16 22 19 38 21 41 36 8 10 5 6 44 39 17 45 28 35 13 9 32 23 7 31 15 29 18 
NO
YES
2 6 5 4 3 7 1 
YES
51 20 14 32 25 52 8 18 10 37 7 3 15 50 42 48 56 28 4 26 46 40 33 29 16 22 1 21 36 44 27 54 19 39 55 9 24 34 47 17 38 43 23 41 5 53 12 45 31 11 35 6 30 2 13 49 
NO
NO
YES
40 36 23 5 10 30 42 46 18 16 32 39 44 12 29 34 2 25 1 51 45 48 43 20 37 19 24 9 8 50 3 13 4 11 27 6 28 14 22 21 31 49 17 15 38 52 26 33 47 7 35 41 
YES
10 6 13 11 3 2 8 5 1 9 7 12 14 4 
NO
YES
20 5 1 10 17 6 9 7 18 14 3 8 12 21 19 13 11 16 4 22 15 2 
YES
31 17 30 9 21 33 14 27 7 22 28 16 13 5 2 6 10 26 18 19 24 12 8 32 20 4 11 3 1 15 25 23 29 
YES
16 14 6 3 4 8 1 10 2 9 11 13 5 7 12 17 15 
NO
YES
6 3 1 5 7 10 4 2 8 9 
NO
YES
10 18 28 6 19 20 27 23 2 21 1 16 14 13 8 9 4 15 26 11 17 25 29 7 24 22 12 5 3 
NO
YES
1 
YES
2 4 1 6 5 10 3 7 9 8 
YES
30 42 54 8 24 59 35 61 28 39 63 58 26 44 16 37 45 6 64 18 32 17 7 36 43 11 49 10 33 14 52 1 62 38 3 40 12 13 66 53 51 23 46 41 65 22 25 5 57 56 19 48 67 47 27 31 55 15 29 20 60 34 2 21 9 4 50 
NO
YES
9 6 3 1 7 8 2 4 5 
NO
NO
NO
NO
YES
10 3 9 6 14 8 12 2 13 1 15 16 11 5 4 17 7 
YES
2 9 3 1 11 6 8 12 7 5 4 10 
YES
6 23 21 14 4 8 32 3 30 20 16 1 28 2 31 17 19 5 10 26 29 7 11 15 12 27 22 13 18 25 9 24 
NO
YES
1 2 
NO
YES
11 13 2 12 17 9 7 6 18 16 4 10 5 8 1 3 15 14 19 20 
YES
53 19 6 17 16 38 49 28 34 30 21 15 47 44 4 9 32 3 40 37 1 7 24 8 46 31 14 26 42 45 18 12 43 5 50 25 35 39 52 2 36 10 33 11 29 20 41 23 13 27 22 48 51 
NO
YES
6 15 14 2 10 13 12 11 3 8 1 4 5 7 9 
YES
19 9 2 10 7 3 12 20 8 14 15 11 6 16 21 13 5 23 17 22 4 18 1 
NO
YES
34 42 4 38 25 39 10 15 29 44 5 20 27 30 19 28 7 36 16 18 8 40 35 24 13 6 32 33 9 41 14 12 2 22 31 23 45 26 1 17 37 3 11 21 43 
YES
4 3 12 9 1 16 8 6 5 7 13 14 17 15 11 10 2 
YES
3 1 4 2 5 
YES
9 7 3 5 4 8 10 1 11 12 2 6 
YES
1 2 
YES
24 26 33 10 6 25 17 28 23 7 14 11 22 13 4 29 19 1 2 34 16 20 27 21 32 3 8 12 18 15 30 5 9 31 
NO
YES
17 33 28 10 21 19 13 16 42 7 4 3 15 1 11 14 32 52 2 46 5 49 48 23 34 9 37 51 8 25 29 45 36 22 47 53 30 6 27 44 31 38 41 18 20 39 35 12 26 50 24 40 43 
NO
NO
YES
2 1 
NO
NO
YES
16 13 8 12 5 2 14 10 6 3 7 11 15 4 9 1 
YES
1 
YES
8 30 7 39 24 42 2 6 26 40 21 9 10 29 27 35 22 18 16 4 31 11 13 15 5 17 36 3 20 33 37 41 25 28 34 38 23 14 1 19 32 12 
NO
NO
NO
NO
NO
YES
37 28 26 11 33 4 1 6 20 13 21 32 2 40 16 41 27 5 12 3 38 25 22 17 35 15 14 39 23 18 29 10 8 19 30 24 36 9 7 31 34 
NO
NO
YES
22 25 27 15 4 5 19 39 8 24 61 9 41 38 21 2 43 44 56 34 20 3 63 26 40 31 55 35 62 18 48 51 16 46 7 57 10 30 53 49 33 50 32 64 14 37 42 60 59 6 47 28 29 11 13 23 45 58 1 52 17 54 12 36 
YES
1 2 9 7 10 4 5 8 3 6 
YES
9 2 10 7 1 8 18 15 25 6 21 26 12 19 24 11 23 16 4 22 20 5 14 17 13 3 
YES
5 12 11 1 15 7 8 2 4 3 10 16 14 13 6 9 
YES
17 30 26 33 32 1 34 3 12 40 28 10 31 5 23 11 24 37 14 38 4 7 21 22 19 13 2 35 9 36 29 20 8 16 25 18 27 6 39 15 
YES
40 43 3 22 35 38 8 59 47 32 36 28 2 25 21 5 18 56 60 23 14 49 33 9 19 17 48 58 24 10 50 31 41 52 51 11 12 1 6 57 55 4 34 44 7 13 29 54 20 15 37 46 26 27 39 45 53 42 16 30 
YES
50 61 40 59 60 37 8 39 26 17 55 27 30 44 29 49 21 4 32 14 23 5 20 31 3 41 19 11 15 53 45 63 51 33 36 54 46 1 16 7 52 34 12 38 62 43 25 28 22 48 58 9 6 13 42 56 24 18 35 2 47 57 10 
NO
NO
NO
NO
YES
8 26 4 6 22 27 11 21 9 7 24 29 17 20 13 1 16 19 10 18 15 30 25 5 3 28 23 12 14 2 
YES
6 4 9 8 7 2 3 5 1 
NO
YES
4 6 1 7 3 5 2 
NO
YES
10 3 7 8 2 17 11 14 4 6 5 1 16 13 15 9 12 18 
YES
14 5 1 3 7 12 6 2 8 11 13 10 9 4 
YES
1 4 7 5 2 6 3 
YES
9 3 5 1 2 6 10 7 8 4 
YES
8 21 10 22 5 6 12 19 2 9 17 15 20 26 16 4 24 1 11 18 7 13 23 3 14 25 
YES
3 5 4 1 2 
YES
5 6 2 4 3 1 
YES
1 
YES
32 24 38 3 18 4 36 37 23 42 25 15 35 13 11 40 5 6 10 31 14 41 45 2 30 28 20 29 19 12 17 26 22 47 21 9 39 43 46 44 7 1 16 33 34 8 27 
NO
YES
13 10 4 8 5 1 2 6 14 7 12 9 11 3 
YES
1 9 4 15 2 6 10 16 17 8 5 11 14 3 18 12 13 7 
YES
18 19 12 23 8 36 26 9 7 35 5 21 27 34 24 4 11 28 15 14 25 6 2 33 1 13 32 16 20 10 22 29 30 17 31 3 
NO
NO
NO
NO
YES
12 2 1 13 9 17 16 4 7 6 15 10 18 11 3 14 8 5 
YES
2 1 3 
YES
9 8 4 10 7 2 3 6 12 1 5 13 11 
NO
YES
3 1 2 
NO
NO
YES
13 53 4 43 38 45 47 27 16 55 26 2 57 14 19 23 54 46 48 12 60 7 24 30 35 8 28 44 29 42 58 40 11 62 63 22 18 36 59 6 3 17 10 61 64 21 15 49 56 1 20 50 9 31 33 34 39 32 5 41 51 37 25 52 
NO
YES
8 4 7 3 1 6 5 10 9 2 
NO
NO
NO
NO
NO
YES
2 1 
YES
4 3 1 7 5 8 2 6 
NO
NO
NO
NO
YES
12 2 13 7 3 14 8 1 5 6 4 9 11 10 
YES
4 3 2 1 
YES
3 2 1 
YES
4 6 2 1 7 3 8 5 
YES
5 7 21 46 4 29 28 15 24 40 16 48 47 37 1 14 44 23 31 3 45 35 22 18 17 8 41 32 30 26 42 9 43 34 20 19 27 11 12 39 36 10 38 25 6 13 33 2 
NO
NO
YES
1 12 4 6 3 7 15 17 14 5 10 13 11 18 8 16 9 2 
NO
NO
NO
YES
2 3 1 
NO
YES
4 1 5 2 6 3 
NO
YES
1 3 4 6 7 5 2 
NO
YES
1 
YES
5 7 6 4 2 1 3 
YES
3 2 1 
YES
1 3 2 
NO
NO
NO
YES
16 15 10 45 29 7 12 36 27 40 19 8 23 9 4 20 1 14 18 44 25 22 32 31 21 35 13 46 41 30 33 42 39 34 24 43 37 3 5 2 49 6 11 38 26 17 48 47 28 
NO
YES
2 1 3 
YES
1 5 4 3 2 6 
YES
5 7 1 25 3 34 33 6 12 28 4 36 23 13 30 20 9 19 11 26 32 21 31 35 27 24 22 17 37 10 2 8 18 14 15 41 39 29 40 38 16 
NO
YES
13 1 22 4 2 21 16 9 10 18 8 3 5 24 15 19 23 20 17 7 11 25 6 26 12 14 
NO
YES
4 35 6 33 30 37 7 36 29 15 8 31 38 23 3 5 14 1 10 41 12 25 16 19 26 20 28 42 13 9 18 39 2 32 34 17 40 11 22 21 27 24 
NO
YES
1 
YES
1 
YES
2 3 1 5 4 
NO
YES
1 
YES
10 6 15 7 5 16 11 14 1 9 12 3 2 4 13 8 
YES
4 1 2 5 6 9 8 3 7 
NO
YES
2 1 3 
YES
9 30 6 8 1 21 26 19 20 18 3 12 23 2 22 5 29 10 24 15 13 14 4 16 28 31 25 27 11 17 7 
YES
41 29 6 43 35 12 28 7 17 3 2 50 42 47 51 37 10 38 30 49 4 13 21 16 19 36 1 11 39 25 44 40 14 8 33 9 27 20 5 34 48 52 22 53 23 45 15 46 26 18 24 54 31 32 
YES
3 4 1 2 
YES
1 2 3 
NO
NO
NO
NO
YES
38 8 10 28 5 36 35 12 34 45 33 7 11 25 4 9 2 29 37 24 44 41 40 42 26 15 43 18 16 23 27 14 22 30 32 13 6 31 39 20 21 19 17 1 3 
YES
1 
YES
2 3 1 5 6 4 
YES
5 1 2 3 4 6 
NO
YES
24 68 29 16 44 14 66 21 12 1 4 31 59 60 5 64 53 41 11 39 22 23 8 36 19 51 45 54 32 55 61 50 33 57 15 48 10 13 42 30 67 56 26 49 6 28 38 35 69 47 37 40 52 9 58 18 46 34 43 27 65 7 20 25 2 17 63 3 62 
YES
34 3 23 41 32 30 10 35 43 6 13 26 38 28 22 37 17 25 39 14 9 36 20 45 31 1 33 19 29 44 40 42 16 7 46 2 11 18 8 4 24 5 21 12 15 27 
NO
YES
20 1 10 17 6 8 9 4 18 2 5 13 19 3 11 16 7 14 12 15 
YES
17 2 11 18 6 8 7 3 1 4 5 19 10 12 15 14 16 9 13 
YES
29 41 13 1 44 51 46 34 18 42 43 7 32 30 22 48 5 24 36 49 11 50 47 12 19 27 28 31 21 45 15 2 8 3 39 14 26 10 23 6 20 33 38 25 9 4 16 40 17 35 37 
NO
NO
YES
1 
NO
YES
6 1 5 7 4 3 2 8 
NO
YES
1 
NO
YES
7 13 21 11 5 15 23 19 25 14 4 16 3 8 10 20 18 22 9 12 17 24 1 2 6 
NO
NO
YES
42 39 45 13 48 37 27 35 21 10 40 34 36 47 11 29 14 32 33 30 15 9 38 23 25 12 44 2 46 4 16 43 18 6 8 17 20 22 24 3 26 7 5 31 28 19 1 41 
NO
YES
13 3 12 2 7 5 10 1 11 6 4 8 9 
NO
YES
4 3 5 1 2 
YES
45 17 22 28 21 25 46 37 3 42 19 40 38 20 44 30 8 47 15 16 35 2 12 41 34 32 13 14 29 9 1 31 24 33 39 10 18 11 27 5 4 26 6 43 23 7 36 
NO
YES
42 33 39 24 43 18 25 28 45 51 22 1 20 12 49 32 6 4 11 38 47 41 7 26 31 19 46 15 9 29 50 30 13 17 3 8 40 34 5 27 16 36 44 37 23 10 14 21 2 48 35 
YES
1 4 5 3 6 2 
NO
YES
3 4 2 1 
YES
3 5 11 6 4 12 13 2 14 7 1 9 8 10 
NO
YES
23 12 15 8 7 24 13 10 6 18 22 19 2 25 20 5 9 14 4 17 3 16 1 11 21 
YES
3 1 2 
NO
YES
2 4 5 3 6 8 7 1 
YES
29 28 4 8 34 20 15 16 1 6 32 14 2 26 33 5 25 30 19 11 10 3 7 22 9 18 27 12 31 23 17 24 21 13 
NO
YES
11 3 19 18 9 17 16 4 6 8 14 23 20 13 7 2 5 21 22 12 15 10 1 
YES
1 2 3 
NO
YES
12 3 24 10 27 4 19 20 7 31 8 11 17 14 2 29 5 28 30 26 18 25 16 6 9 22 1 23 21 13 15 
YES
1 
YES
28 3 44 45 63 53 26 5 38 58 19 68 25 42 15 31 57 55 9 52 48 65 69 35 27 43 6 67 32 72 24 20 7 71 36 18 40 2 60 73 74 56 21 33 39 12 49 66 34 37 1 51 29 11 41 46 16 13 59 30 62 4 50 64 8 70 10 22 61 54 17 23 47 14 
YES
3 49 12 45 36 26 5 57 44 31 58 43 39 37 30 1 21 53 24 8 10 41 62 59 54 9 51 7 47 48 32 33 42 15 28 13 2 35 46 34 25 18 61 6 50 40 17 11 29 52 20 56 27 4 38 14 22 23 16 60 19 55 
YES
11 10 7 3 8 2 1 5 6 9 4 
YES
17 6 22 23 16 9 20 25 15 12 4 24 3 1 10 11 7 19 14 2 5 21 8 13 18 
NO
YES
2 28 27 3 29 14 1 4 31 19 36 21 17 26 24 7 6 32 10 33 34 30 9 13 12 25 16 11 5 18 35 8 22 20 23 15 
YES
1 3 4 2 
YES
1 2 3 
YES
6 3 7 1 2 5 4 
YES
29 4 33 27 5 9 21 3 12 23 20 30 26 32 14 17 22 7 2 18 15 11 6 8 13 10 31 28 1 24 19 25 16 
NO
NO
NO
YES
10 13 18 3 2 5 6 17 11 7 19 8 4 12 9 1 15 14 16 
NO
YES
4 2 1 3 
YES
2 1 3 5 4 
NO
YES
14 8 19 12 3 21 16 5 17 18 2 20 1 6 11 13 9 15 23 10 7 22 4 
NO
NO
YES
1 
YES
12 13 4 18 15 9 5 7 1 17 2 14 6 3 11 8 16 10 
YES
22 43 23 18 29 26 20 7 28 47 5 35 30 6 8 52 14 3 2 17 19 1 27 49 51 45 50 40 12 37 46 48 25 42 34 11 21 38 24 16 4 33 36 13 31 10 44 9 32 41 39 15 
YES
23 13 1 8 24 11 17 29 10 6 3 12 27 15 28 21 16 4 5 25 7 19 26 18 20 22 9 2 14 
YES
19 27 38 13 10 45 37 39 15 20 6 41 31 1 23 43 3 36 40 26 34 18 24 21 32 22 25 17 16 7 47 9 46 2 33 14 44 4 12 35 5 28 11 48 8 42 30 29 
YES
1 
YES
30 44 63 65 49 46 59 3 31 55 36 17 60 5 18 1 51 27 34 13 61 21 32 6 7 48 9 20 52 50 43 42 14 28 16 12 53 11 8 25 38 10 15 35 39 66 33 45 40 56 58 4 57 54 62 29 37 64 41 24 26 2 47 22 19 23 
NO
YES
19 33 13 64 54 48 26 16 9 6 10 62 43 49 7 15 55 22 8 59 38 58 11 63 4 44 34 27 21 14 25 20 46 52 50 5 36 39 42 37 56 17 24 53 57 45 30 29 47 23 2 41 32 40 28 60 61 31 12 1 3 18 35 51 
YES
28 43 35 29 17 10 3 47 57 16 30 22 49 20 48 40 53 51 23 39 18 45 33 9 34 50 24 14 54 25 2 19 13 21 4 44 15 27 42 12 52 8 31 5 36 11 6 46 41 32 55 37 56 1 38 7 26 
YES
44 13 6 32 31 7 61 36 59 47 14 60 18 2 48 42 9 10 15 65 33 17 26 51 8 57 41 50 52 22 64 35 19 16 29 54 67 21 53 30 27 37 4 5 34 11 46 43 58 68 40 38 3 66 1 23 24 45 12 28 20 62 39 49 25 56 63 55 
YES
6 7 4 3 2 1 5 
NO
NO
YES
8 16 1 2 15 14 5 7 11 10 19 6 17 13 12 4 3 9 18 
NO
YES
35 36 11 20 15 16 32 49 17 34 48 4 33 43 45 8 6 46 18 9 7 23 50 29 31 21 22 44 28 13 40 25 39 24 14 26 12 2 38 19 1 30 42 47 10 3 37 27 5 41 
YES
82 63 48 26 40 16 10 41 92 58 62 59 1 91 22 89 19 69 42 39 47 56 81 61 23 52 12 80 85 75 38 5 33 76 29 67 21 35 24 18 11 43 17 45 86 72 8 65 37 84 36 79 50 73 53 49 44 27 9 55 20 87 25 64 34 46 54 94 13 70 71 28 14 90 2 7 15 3 30 77 78 68 4 57 83 31 88 51 6 93 74 60 32 66 
YES
1 2 
NO
YES
23 42 17 35 27 20 39 24 55 10 41 51 18 36 1 26 15 8 38 34 19 11 49 32 6 12 52 7 44 14 40 43 4 33 30 50 48 28 5 9 37 46 53 21 31 22 47 29 16 3 13 25 54 45 2 
YES
2 27 1 44 31 38 40 13 33 18 15 45 46 16 11 6 9 21 32 24 7 48 39 22 34 42 10 36 14 28 12 29 47 4 20 3 23 26 8 30 5 17 25 41 43 37 35 19 
YES
1 
YES
2 1 
NO
YES
27 14 26 24 25 19 12 2 15 29 7 23 17 1 18 4 11 22 20 21 5 28 8 6 13 10 3 9 16 
YES
1 3 2 
YES
31 6 1 9 11 24 23 15 10 8 32 30 2 14 13 25 7 5 18 26 20 29 12 33 22 21 28 27 17 19 4 3 16 
NO
NO
YES
4 14 15 8 12 10 2 3 1 6 16 5 7 11 13 9 17 
NO
YES
2 1 
YES
28 10 32 63 64 6 50 23 4 35 44 19 39 21 54 43 11 5 26 61 53 42 38 59 48 55 45 1 62 12 52 56 34 49 22 9 25 2 17 8 37 24 7 46 18 65 40 58 15 14 33 31 57 27 29 3 41 36 30 51 20 60 47 16 13 
YES
2 1 3 4 
NO
YES
4 6 23 22 8 14 16 21 1 13 17 10 3 9 20 11 19 5 2 12 18 15 7 
YES
2 3 1 4 
YES
55 36 15 58 54 38 39 1 17 3 9 6 41 27 40 25 50 30 60 56 45 42 13 32 26 53 16 28 5 61 35 2 10 4 14 57 47 12 43 20 51 49 24 11 8 52 44 62 34 37 33 48 19 22 21 23 7 46 59 31 18 29 
NO
YES
4 11 7 21 3 15 1 13 8 17 19 18 16 2 12 6 20 10 5 14 9 
YES
56 61 70 40 63 2 4 3 69 35 17 41 8 16 53 71 39 32 10 26 55 14 49 47 50 64 54 73 5 48 34 45 25 6 67 27 21 13 43 75 58 57 33 44 12 24 74 68 31 19 46 9 29 37 11 23 20 18 28 60 66 7 30 65 52 15 62 51 36 42 1 38 72 59 22 
YES
14 4 19 24 31 17 16 33 1 9 38 35 23 6 40 37 21 3 8 10 25 41 2 36 34 15 32 7 22 12 11 29 13 39 27 5 18 28 20 26 30 
NO
YES
4 12 10 8 26 21 15 17 20 3 19 6 24 25 14 1 9 16 18 13 11 22 2 27 28 5 23 7 
YES
11 1 6 7 3 4 2 10 9 8 5 12 
YES
19 22 11 4 2 18 9 20 14 15 6 8 3 23 1 16 10 13 12 21 7 5 17 
YES
1 
YES
8 1 2 3 6 5 9 7 4 
NO
NO
YES
50 35 45 63 19 34 7 54 46 71 70 33 66 27 38 67 18 48 60 68 10 30 14 12 21 20 5 40 3 32 73 25 64 9 4 58 59 69 15 65 1 16 52 57 6 39 74 31 13 49 23 51 56 53 41 36 61 42 55 72 26 24 22 8 44 29 62 37 2 28 17 47 11 43 
NO
NO
NO
NO
YES
2 1 
NO
NO
YES
5 4 1 7 2 6 3 
NO
YES
6 7 1 5 8 10 4 9 3 2 
YES
24 3 14 2 11 16 18 10 19 12 20 21 4 27 1 15 8 22 13 5 17 25 6 7 26 9 23 
NO
NO
NO
YES
5 3 1 2 4 
NO
YES
9 10 5 2 13 1 14 8 4 6 3 16 15 7 17 11 12 18 
YES
4 2 14 7 13 11 16 3 1 18 17 10 6 15 5 12 9 8 
YES
22 30 10 33 4 39 8 3 17 25 13 19 35 6 29 31 5 15 7 21 18 26 34 11 37 27 28 1 36 12 2 24 32 16 20 40 38 23 14 9 
YES
2 1 
NO
YES
71 66 13 49 62 50 69 29 40 10 32 15 24 36 70 27 43 9 61 19 45 39 54 65 16 4 73 35 22 48 23 68 7 51 11 59 75 58 56 37 46 64 6 72 14 30 67 33 38 47 26 44 60 1 41 20 2 3 18 8 25 42 28 17 55 63 12 74 31 76 34 21 52 5 57 53 
NO
NO
YES
7 4 1 5 2 3 8 6 
NO
NO
YES
2 1 
NO
YES
45 15 4 25 6 35 11 37 5 14 26 41 31 39 22 36 17 29 48 40 32 44 43 30 16 46 7 1 24 9 8 33 27 2 38 12 49 42 13 47 28 20 34 23 10 21 18 3 19 
NO
YES
7 13 9 20 8 22 18 15 5 4 23 10 11 2 21 3 16 12 6 1 17 19 14 
YES
15 21 3 48 4 40 29 36 50 12 34 23 16 46 33 20 44 17 47 5 39 28 2 25 18 1 35 42 27 37 13 10 24 19 52 9 14 8 45 31 49 32 41 6 22 53 38 26 43 54 30 7 51 11 
YES
12 14 33 18 6 32 2 31 25 29 10 13 9 24 1 28 19 27 23 3 8 21 11 5 26 20 17 15 16 22 30 4 7 
YES
14 10 24 22 19 31 26 9 29 35 3 36 16 30 4 32 34 25 28 27 6 18 15 1 11 8 13 33 21 12 2 7 23 17 20 5 
NO
NO
YES
13 31 11 5 14 16 26 19 2 22 30 10 24 33 25 37 8 12 40 46 41 4 29 20 28 27 34 36 15 21 39 43 32 45 9 1 35 47 7 6 42 23 3 44 38 18 17 
YES
15 14 3 12 8 1 9 6 2 7 17 11 16 13 4 10 18 5 
YES
13 58 3 11 29 66 30 17 70 38 22 71 72 23 57 50 27 61 47 24 52 35 55 14 64 32 45 56 59 28 62 4 1 63 19 5 43 15 46 53 26 48 68 36 33 73 18 69 44 37 16 6 8 65 34 9 25 51 12 49 21 20 31 2 7 42 39 54 60 40 67 10 41 
NO
YES
5 9 12 8 11 10 3 2 7 4 6 1 
YES
1 3 2 
NO
YES
17 22 11 1 12 7 18 8 20 19 13 10 9 4 5 14 15 16 6 3 21 2 
YES
24 2 10 12 19 4 6 8 5 22 16 18 3 20 25 11 23 21 7 13 17 9 14 1 15 
NO
YES
35 27 18 7 1 9 37 8 29 11 44 33 32 2 49 42 15 28 45 6 38 20 16 25 30 19 21 13 50 47 36 23 40 10 24 4 39 43 31 41 34 26 3 17 12 5 22 46 14 48 51 
YES
2 1 
NO
YES
4 5 2 3 1 
YES
7 4 2 6 8 5 3 1 
YES
3 21 24 11 1 25 4 17 13 26 10 6 19 27 8 2 23 15 28 9 7 12 14 20 16 5 22 18 
YES
18 16 47 39 30 23 46 54 44 45 49 19 51 9 53 24 4 13 28 50 26 55 10 37 48 2 27 38 25 15 6 7 32 20 52 56 57 3 33 42 41 22 17 21 12 43 1 31 36 11 35 34 5 8 14 29 40 
YES
12 14 6 1 17 5 21 18 22 24 19 10 11 9 4 8 15 13 23 2 16 7 20 3 
YES
13 6 9 11 10 7 12 3 2 1 4 8 5 
YES
46 34 9 2 31 4 27 32 45 22 1 33 42 49 20 44 10 50 14 23 29 26 18 5 11 41 43 39 12 21 13 47 8 3 15 19 51 40 16 17 38 35 53 48 28 52 30 25 37 7 24 36 6 
NO
NO
YES
15 10 18 2 6 7 16 3 14 17 13 12 11 1 9 4 5 8 
YES
10 27 4 7 9 17 1 2 16 5 8 11 18 24 12 19 20 3 26 13 29 6 15 21 28 14 25 22 23 
YES
9 13 3 11 2 6 5 16 1 7 14 12 4 15 17 10 8 
NO
YES
65 34 12 45 23 63 3 42 14 67 19 66 7 49 53 28 58 20 6 55 8 64 50 27 22 59 13 54 62 31 1 32 21 48 26 30 37 5 10 11 57 18 25 39 51 17 36 60 38 40 2 16 44 46 9 56 33 15 47 43 4 29 41 52 61 35 24 
NO
NO
NO
YES
4 14 5 17 13 1 7 2 10 6 12 11 15 8 3 9 16 
YES
1 
YES
23 24 16 5 28 2 32 21 31 9 17 27 33 11 22 3 7 6 13 25 29 34 19 15 10 26 4 18 14 20 1 30 12 8 
NO
NO
YES
38 58 15 45 10 53 19 33 40 55 12 8 9 25 43 11 32 44 51 23 30 41 39 7 4 1 16 22 31 47 52 50 26 36 56 54 29 20 2 42 46 37 21 59 27 34 17 57 48 28 6 5 49 13 14 35 3 24 18 
YES
1 
YES
2 1 
NO
NO
YES
35 10 15 32 11 2 21 30 3 4 37 36 31 7 12 33 16 25 28 18 9 22 5 17 29 23 13 19 14 6 26 38 34 1 24 8 27 20 
NO
YES
7 4 6 3 1 5 2 
NO
NO
YES
12 17 44 9 19 47 58 42 21 57 61 20 10 46 55 49 50 35 31 27 43 40 39 29 32 59 23 37 15 5 36 16 34 1 28 45 41 7 18 33 8 48 54 14 30 22 13 53 60 24 11 56 52 6 3 26 2 51 38 4 25 
NO
NO
YES
1 3 5 8 7 6 9 2 4 
YES
20 18 15 1 4 22 7 3 6 5 8 11 21 12 2 16 9 17 13 19 14 10 
YES
10 33 22 35 6 19 39 13 29 31 5 16 24 2 25 46 43 26 37 8 14 27 11 45 23 1 7 21 12 9 20 28 42 3 36 15 17 30 34 48 47 38 44 18 41 32 40 4 
YES
13 9 11 7 21 5 3 6 16 12 14 1 10 18 15 19 4 17 20 2 8 
YES
1 2 
YES
31 41 36 39 52 13 15 1 19 23 8 65 46 30 18 74 62 34 61 5 45 75 55 72 9 26 69 3 60 28 24 7 17 63 27 16 49 73 37 20 14 6 51 66 38 44 25 64 29 76 22 33 32 57 2 48 68 4 21 53 10 70 12 43 11 47 67 56 50 40 35 54 59 71 42 58 
YES
16 39 4 25 36 37 14 23 10 43 34 18 21 12 24 22 2 8 42 15 5 19 32 13 7 1 9 27 33 30 35 3 40 38 11 26 28 31 17 20 6 44 29 41 
NO
NO
NO
YES
30 35 32 6 5 34 29 3 25 17 36 39 24 12 28 10 13 16 18 1 4 26 27 14 19 15 31 23 11 33 21 2 22 7 9 37 38 20 8 
YES
5 1 3 2 4 
NO
YES
4 1 7 5 2 6 3 
NO
YES
14 12 5 9 4 8 15 7 13 1 10 6 2 3 11 
YES
11 31 26 14 28 30 22 4 10 1 27 21 7 25 15 20 29 5 24 16 12 18 17 13 3 8 6 2 23 19 9 
YES
47 23 50 35 28 7 36 16 1 27 41 5 40 3 13 24 39 51 4 8 38 6 14 12 29 19 33 17 46 34 32 9 49 20 21 48 22 42 25 44 26 11 18 15 43 10 2 30 37 31 45 
YES
12 8 9 2 11 3 13 5 4 1 7 10 6 
YES
9 11 6 1 7 2 12 5 4 3 8 10 
NO
NO
YES
6 7 1 4 2 3 5 
YES
33 26 11 35 24 8 22 15 9 6 12 23 28 19 30 29 10 1 20 4 41 37 21 25 44 17 14 31 18 2 38 13 39 36 40 32 43 42 5 7 27 3 34 16 
YES
3 9 12 10 4 5 2 8 6 11 1 7 
NO
NO
YES
49 4 42 13 43 35 22 23 40 9 29 33 26 27 3 41 50 5 7 30 6 34 38 16 39 31 1 25 12 19 24 48 32 14 46 21 45 18 44 37 15 47 2 17 36 28 20 8 10 11 
YES
1 2 3 
NO
YES
33 31 41 42 17 1 18 55 32 10 30 12 5 52 34 27 37 15 23 51 48 2 16 19 38 40 44 39 14 49 8 4 35 46 13 36 3 43 28 29 22 24 6 50 53 20 47 9 7 45 54 26 11 25 56 21 
YES
17 1 15 2 18 5 11 7 4 19 12 22 21 3 8 9 6 13 10 14 20 16 
YES
2 7 20 15 19 5 6 18 26 25 24 4 22 11 14 13 12 10 9 27 8 17 3 21 16 23 1 
YES
3 10 22 24 8 30 40 45 52 49 25 11 14 47 9 46 21 36 18 51 12 19 31 28 35 13 6 33 5 44 15 48 41 53 39 1 23 26 7 43 2 34 29 4 37 16 32 27 20 38 17 42 50 
YES
22 9 1 2 16 8 3 24 7 13 4 15 21 19 18 20 5 11 10 14 6 23 12 17 
YES
4 10 20 19 25 17 21 29 1 26 14 12 7 18 13 24 16 8 5 15 3 23 11 22 6 9 27 28 2 
YES
12 1 3 11 10 5 8 2 9 6 7 4 
YES
6 2 10 5 7 1 3 8 9 4 
YES
63 27 65 89 72 84 69 70 34 35 74 20 49 78 79 56 59 61 55 58 3 6 9 5 28 41 76 87 32 77 91 11 10 17 37 60 38 18 14 7 26 44 33 12 71 24 67 15 25 52 19 45 40 64 39 2 90 88 80 21 75 68 29 13 54 48 86 82 16 8 4 22 42 62 23 51 1 36 30 50 73 81 83 57 66 43 53 85 31 47 46 
YES
3 1 2 
NO
NO
NO
YES
4 15 11 6 9 12 13 8 10 7 14 3 2 5 1 
YES
4 5 12 10 7 2 8 3 13 11 6 9 1 
YES
4 5 3 1 8 11 9 6 7 10 2 
YES
39 10 46 54 23 7 1 2 33 51 43 17 19 5 36 22 20 14 50 34 41 26 3 32 40 31 6 42 13 45 47 25 35 28 52 8 4 49 12 21 11 48 24 15 57 30 27 16 53 56 44 18 38 55 29 9 37 
YES
6 5 4 1 7 8 9 10 11 12 3 2 
NO
YES
2 4 1 3 
YES
9 1 2 15 24 14 10 22 21 18 12 13 11 17 3 4 7 8 23 20 19 16 6 5 
NO
NO
YES
50 12 25 11 17 28 7 8 52 4 47 45 18 20 55 30 16 49 21 39 19 46 40 42 56 23 10 35 26 38 44 6 3 33 32 1 24 29 5 51 53 36 9 27 48 31 2 34 15 54 37 22 43 41 14 13 
NO
YES
4 17 16 30 8 22 23 36 28 6 1 24 3 25 35 11 19 32 15 10 26 27 2 13 34 31 5 18 14 33 7 20 12 29 9 21 
NO
YES
49 27 3 31 42 11 1 18 12 43 26 9 41 5 21 46 40 6 34 37 25 14 19 28 33 30 20 32 38 8 7 44 15 45 13 35 47 16 10 29 50 23 36 39 24 17 22 48 2 4 
YES
42 15 18 4 28 29 31 9 8 39 32 16 21 12 17 13 1 41 25 40 20 3 11 43 23 30 37 6 7 5 22 26 33 44 35 19 27 14 2 24 10 36 34 38 
YES
1 
YES
31 43 23 19 16 33 38 28 35 10 8 24 40 46 41 49 27 6 51 53 14 11 22 47 52 48 4 18 9 25 5 15 29 1 2 39 45 42 3 36 13 21 32 12 37 44 50 30 7 20 34 26 17 
NO
NO
YES
2 1 3 4 
NO
YES
4 6 2 5 1 3 7 
YES
19 5 26 8 16 17 4 25 23 6 1 27 22 10 13 7 14 15 11 2 18 12 3 24 20 21 9 
YES
12 25 23 26 24 20 6 5 35 31 7 8 17 13 34 33 1 19 14 15 22 30 10 4 28 29 11 16 18 2 32 27 9 3 21 
NO
NO
YES
16 19 18 6 5 1 21 7 17 22 4 11 8 12 2 26 20 23 24 10 14 15 9 25 13 3 
YES
8 19 16 28 33 36 25 12 10 22 11 6 23 14 31 24 2 4 20 30 29 34 35 32 3 17 26 15 21 7 5 9 18 37 38 13 1 27 
NO
YES
9 10 4 2 30 8 28 3 29 19 14 6 5 17 15 11 12 22 26 1 16 24 32 13 20 25 27 7 18 31 21 33 23 
YES
26 17 6 8 28 5 27 20 1 21 10 25 9 24 19 12 15 2 23 14 7 29 11 3 31 22 13 30 16 4 18 
YES
4 2 1 7 8 5 6 3 
YES
4 7 8 3 2 6 5 1 
NO
NO
YES
1 3 2 
NO
NO
NO
NO
NO
YES
6 11 9 8 16 2 4 15 12 14 1 3 10 13 5 7 
YES
11 15 14 5 16 8 3 9 17 19 10 6 13 12 18 4 7 2 20 1 
YES
31 19 26 1 17 34 7 16 9 39 28 18 37 32 3 10 20 15 12 29 38 41 23 25 27 6 35 33 8 40 13 22 5 21 4 24 30 2 14 36 11 
YES
42 37 62 4 56 3 65 58 54 68 63 30 59 40 47 10 11 25 16 15 29 22 8 39 36 26 14 7 32 67 27 43 6 64 12 55 50 41 60 44 38 9 49 35 2 18 51 57 24 21 45 20 31 66 53 19 28 48 13 34 46 23 52 17 5 1 61 33 
NO
NO
YES
20 14 18 21 9 23 11 24 10 22 6 1 19 5 8 2 13 3 16 17 15 7 12 4 
YES
5 3 4 1 2 6 
YES
6 2 15 8 17 9 4 3 10 16 7 14 13 1 12 11 5 
YES
1 
NO
NO
NO
NO
YES
26 8 31 39 14 38 27 23 37 22 9 43 24 30 12 45 5 49 6 3 44 20 33 41 48 15 4 18 7 13 29 28 10 17 19 1 47 21 40 42 32 34 36 46 16 11 25 35 2 
NO
YES
3 2 6 10 8 7 5 1 9 11 12 4 
YES
30 69 49 37 78 19 15 61 59 76 70 40 28 47 17 36 7 31 66 79 64 60 27 50 72 9 22 65 67 58 8 68 10 3 38 39 57 44 75 62 21 45 77 46 71 23 53 41 51 42 56 13 43 24 25 20 26 2 55 14 32 29 18 48 16 6 11 33 4 74 12 54 73 35 34 5 1 63 52 
NO
YES
1 2 
YES
1 2 
YES
19 41 24 25 38 31 22 8 2 36 47 46 13 1 7 5 45 40 4 12 10 48 21 39 18 14 33 34 42 43 16 15 20 23 29 44 28 26 35 30 11 37 6 27 32 9 3 17 
YES
23 19 4 20 16 7 11 10 8 33 29 31 27 1 6 15 32 14 3 22 9 26 25 18 21 12 2 17 24 13 28 5 30 
YES
3 9 11 4 2 12 5 1 10 7 6 8 
YES
1 
NO
NO
NO
YES
15 17 22 20 4 11 18 3 2 8 14 21 19 7 9 1 5 16 10 12 6 13 
YES
6 84 61 63 58 86 68 77 33 74 53 39 20 31 11 69 2 75 1 49 26 14 46 4 83 43 79 17 52 70 24 51 29 19 50 8 22 67 12 5 76 23 37 10 80 7 62 42 25 38 15 81 34 21 72 32 40 41 55 28 66 85 27 57 48 56 3 45 18 78 71 54 9 59 36 16 82 60 13 35 30 73 65 47 44 64 
NO
YES
2 7 1 6 8 3 5 4 
NO
YES
5 4 2 7 6 9 1 3 8 
YES
5 15 8 19 21 18 17 6 16 22 12 14 4 1 3 2 20 9 7 11 13 10 
YES
12 6 15 4 20 18 9 8 1 7 17 13 11 16 21 5 10 19 2 3 14 22 
YES
34 21 32 44 68 22 40 27 64 23 5 62 57 24 33 30 9 18 26 56 50 2 4 6 41 45 29 51 65 20 19 53 16 46 42 28 60 66 67 39 58 36 55 61 10 69 43 54 47 31 35 7 52 49 14 37 38 8 17 13 3 1 12 59 15 25 11 63 48 
YES
1 
NO
NO
YES
14 32 42 3 57 40 65 48 61 55 25 21 41 46 1 33 22 51 54 24 49 43 58 4 44 6 39 35 56 53 38 19 17 27 7 34 12 13 15 10 47 45 18 8 16 52 62 30 36 23 20 5 50 28 66 26 63 31 60 64 29 11 2 37 9 59 
YES
32 18 14 1 35 26 15 17 20 29 21 22 6 9 33 12 31 36 28 19 3 23 16 25 8 4 11 37 7 30 10 24 34 5 27 2 13 
YES
1 
YES
18 39 10 31 34 24 19 21 28 4 13 2 38 30 11 33 37 27 29 8 9 15 5 23 36 3 22 14 1 40 26 6 25 17 32 16 20 7 12 35 
YES
1 
YES
1 
NO
YES
7 15 4 5 22 14 13 3 16 8 11 18 21 17 20 6 1 12 2 10 19 9 
NO
YES
17 2 19 18 16 24 36 33 32 35 9 8 14 21 29 22 3 20 23 40 6 4 34 5 28 38 7 25 12 15 31 10 27 13 30 26 11 37 39 1 
YES
11 33 8 19 59 6 46 44 28 34 43 17 7 41 54 37 21 9 36 24 1 16 38 22 29 14 56 4 58 35 57 50 12 47 2 45 49 42 51 27 13 3 23 31 48 52 40 25 5 15 18 26 55 39 32 30 10 20 53 
YES
6 15 5 2 7 8 17 10 18 19 11 1 16 9 14 12 13 3 4 
NO
YES
10 7 11 14 2 3 8 16 17 9 5 4 18 6 15 1 13 20 12 19 
YES
2 5 4 6 1 3 7 
NO
NO
YES
40 33 7 9 16 35 11 15 5 29 3 14 4 21 31 43 13 18 45 41 30 27 8 26 42 39 23 37 38 22 20 28 1 25 19 17 44 32 12 6 36 10 24 2 34 
NO
NO
YES
75 1 7 21 53 78 39 66 51 50 83 25 60 64 36 6 56 35 44 84 79 15 85 17 19 13 20 80 86 72 71 38 55 48 22 29 52 5 16 32 14 47 87 34 81 23 31 9 45 59 57 30 63 8 18 4 40 74 10 58 12 27 73 67 62 70 46 77 2 26 82 28 65 68 43 42 37 24 54 11 41 61 3 76 69 49 33 
NO
YES
1 4 2 17 11 14 12 6 9 8 3 15 18 16 7 13 10 5 
NO
YES
23 12 22 13 1 6 34 2 18 19 14 24 11 26 15 25 31 21 3 4 33 5 7 20 10 32 8 27 29 9 17 28 30 16 
YES
41 13 27 10 29 22 7 18 39 5 3 2 28 47 11 33 8 16 44 17 32 24 6 48 20 26 35 46 15 12 40 37 30 51 36 45 43 21 14 31 50 38 1 34 42 19 25 23 9 4 49 52 
YES
52 21 13 64 26 67 46 61 58 19 45 66 48 38 34 23 65 7 32 1 33 16 54 39 50 49 12 40 31 53 44 9 47 15 27 57 56 62 59 5 51 25 35 2 63 42 60 22 55 11 29 30 10 17 18 36 28 6 8 14 3 20 43 24 4 37 41 
YES
1 4 2 6 5 3 7 
YES
12 10 14 4 3 6 8 13 5 9 15 7 11 2 16 1 
NO
YES
11 32 7 40 10 20 43 4 35 21 44 16 28 6 3 29 30 33 9 17 36 26 23 1 39 41 12 15 24 37 25 38 5 19 2 8 18 27 13 34 42 22 14 31 
YES
14 38 47 49 2 37 33 22 42 45 13 5 34 18 17 15 43 36 12 50 27 29 6 19 10 31 21 11 4 23 40 20 30 32 25 16 28 7 53 41 39 26 3 48 46 52 8 35 51 24 44 1 9 
NO
YES
23 17 9 7 22 8 3 20 18 21 2 1 16 19 5 12 15 13 4 11 10 6 14 
NO
YES
2 1 
NO
YES
23 43 37 14 46 1 18 45 10 33 21 3 36 30 7 11 48 17 13 22 41 32 8 29 24 27 42 15 20 4 25 34 2 5 38 16 28 19 44 6 12 31 26 39 9 35 40 47 
NO
YES
2 8 5 24 9 42 26 33 4 29 43 28 13 36 34 11 39 7 19 21 1 10 31 40 27 3 15 30 12 18 44 38 20 25 17 32 35 23 22 37 14 41 6 16 
YES
32 33 47 46 57 15 9 16 21 43 49 13 29 25 3 7 38 18 4 27 1 10 42 20 17 5 35 34 36 51 39 53 28 8 19 54 41 45 52 11 26 14 2 55 37 24 22 6 30 48 12 44 50 56 31 40 23 
YES
4 5 2 3 1 
NO
YES
2 1 7 3 6 5 4 
YES
29 17 38 40 14 6 2 5 16 25 34 12 26 13 21 43 31 11 42 37 4 3 1 33 36 22 19 20 10 24 28 7 15 27 35 32 41 8 23 30 39 18 9 
NO
YES
25 22 20 6 17 14 2 5 1 7 9 21 23 10 11 4 19 3 15 16 8 13 12 18 24 26 
YES
6 14 19 18 2 7 25 10 4 29 13 28 31 15 23 21 24 3 5 1 22 17 20 26 16 27 12 9 32 30 11 8 
NO
YES
6 10 8 9 5 4 2 1 7 12 11 3 
YES
4 5 8 3 17 1 2 14 6 16 12 18 7 15 10 13 9 11 
YES
37 18 27 36 11 34 13 26 4 25 35 20 46 31 45 6 43 19 44 14 30 9 23 12 1 21 32 8 28 16 47 42 24 33 29 17 15 22 10 3 5 7 40 2 39 41 38 
YES
1 5 8 2 6 9 3 7 4 
NO
NO
NO
YES
6 3 12 8 9 4 2 14 5 10 7 1 13 11 
YES
2 9 5 6 3 10 11 1 4 8 7 
NO
YES
6 15 12 14 25 3 13 22 18 10 20 23 9 19 17 4 5 8 7 21 16 1 24 2 11 
NO
NO
YES
2 6 5 1 7 4 3 
NO
YES
3 2 9 15 21 20 23 22 12 11 14 8 19 28 17 7 24 18 26 1 6 5 27 13 4 25 16 10 
YES
5 1 2 3 4 
YES
2 6 1 4 5 7 8 3 
YES
4 1 17 24 14 5 28 6 7 26 29 20 13 32 2 22 23 18 15 31 16 3 27 30 21 19 10 8 25 12 11 9 
NO
NO
NO
YES
13 2 9 11 17 8 22 26 18 3 20 5 12 1 4 7 27 15 24 21 16 14 10 23 25 6 19 
NO
NO
YES
4 8 5 6 10 7 9 14 3 12 11 15 1 2 13 
NO
YES
1 6 10 8 3 4 2 5 9 7 11 12 
YES
2 6 5 3 4 1 7 
YES
62 32 8 18 36 12 37 13 35 25 60 56 40 6 54 34 26 27 15 33 47 38 23 1 11 7 16 59 29 46 28 2 45 58 14 3 42 39 31 43 63 52 41 24 21 44 10 5 55 30 19 17 20 4 48 9 22 51 53 50 49 61 57 
NO
NO
YES
7 12 4 11 3 9 6 5 10 8 2 1 
NO
NO
YES
2 4 1 3 
YES
9 21 12 29 24 5 14 7 2 20 1 16 3 13 17 28 22 25 10 26 19 8 11 4 23 15 6 27 18 
YES
3 2 8 5 7 10 11 4 9 1 6 
YES
18 28 14 25 7 31 4 20 2 11 3 17 5 29 15 9 23 16 10 22 19 26 8 30 12 32 21 1 13 24 6 27 
YES
14 21 39 37 45 40 18 20 24 26 38 19 5 35 7 27 43 29 28 2 4 30 12 16 32 25 3 11 8 23 41 15 9 10 1 6 22 44 36 42 17 34 33 31 13 
NO
NO
YES
19 27 7 29 17 5 4 11 24 6 12 8 2 31 22 18 14 26 20 33 30 23 13 32 9 28 16 21 15 3 10 1 34 25 
NO
YES
11 27 10 26 28 19 13 21 5 25 1 14 24 15 6 16 4 2 29 12 8 22 23 9 20 7 3 17 18 
YES
1 
NO
YES
1 
NO
NO
YES
1 
YES
8 6 7 1 10 11 19 24 16 3 4 21 14 2 22 12 5 23 13 9 20 18 17 15 
YES
1 
NO
NO
YES
1 2 
NO
NO
YES
12 15 9 21 10 29 7 26 5 24 18 37 3 11 19 31 25 4 36 32 17 13 1 8 20 2 27 28 30 35 22 33 23 14 6 16 34 
NO
YES
3 1 17 16 4 14 21 2 11 15 10 12 6 18 28 9 13 27 23 22 19 20 8 26 5 25 24 7 
YES
1 2 
YES
9 20 38 39 3 2 10 30 15 31 33 7 29 1 18 6 32 21 28 34 36 26 19 25 14 37 22 13 27 11 12 16 17 4 23 5 35 8 24 
YES
10 27 6 2 23 18 4 28 19 7 1 5 15 3 12 14 25 26 24 22 9 13 17 21 16 8 20 11 
YES
4 5 14 3 7 2 13 8 6 15 12 1 19 18 9 16 10 17 11 
NO
YES
32 1 11 33 19 12 2 7 26 6 8 10 21 9 35 31 22 27 3 14 16 5 29 30 4 18 24 28 34 25 15 13 17 23 20 
YES
21 20 33 29 15 14 25 28 17 27 8 22 13 2 12 11 4 24 6 19 32 26 18 16 1 5 9 31 10 3 7 30 23 
YES
26 13 6 1 20 10 19 16 28 9 12 4 14 27 22 17 2 23 7 11 18 5 21 8 25 24 3 15 
YES
52 4 50 9 32 10 12 40 34 13 37 46 3 45 30 39 2 43 41 19 11 15 20 25 5 28 16 23 42 48 26 53 17 8 21 1 36 31 47 54 33 35 24 6 22 38 44 55 27 14 7 29 51 56 49 18 
YES
2 1 
YES
55 37 57 54 22 34 16 5 31 69 35 1 39 67 27 45 17 13 14 25 2 52 20 43 36 21 48 8 60 46 10 42 19 32 12 4 58 64 51 33 62 65 18 68 49 47 59 50 56 29 30 40 7 66 23 38 41 9 53 6 11 63 44 24 15 28 3 61 26 
NO
NO
NO
YES
2 1 
YES
6 4 7 5 16 14 9 12 2 8 3 15 11 13 10 1 
YES
7 3 8 2 45 6 17 15 44 18 34 13 32 28 4 12 14 41 10 20 39 9 5 35 31 40 43 16 21 38 19 1 23 29 11 46 22 30 47 37 27 36 33 25 26 24 42 
YES
5 1 2 3 4 
YES
7 4 10 9 13 11 2 15 20 3 17 18 1 16 5 6 12 14 19 8 
YES
28 26 41 12 2 18 47 44 50 37 16 45 21 39 48 6 33 23 30 29 25 13 46 8 3 1 32 5 51 52 14 36 40 31 7 38 4 43 24 15 10 19 34 22 49 42 27 35 17 11 20 9 
YES
7 6 2 4 3 11 8 10 9 1 5 12 
YES
16 35 23 32 31 4 39 45 19 10 46 21 38 14 34 11 29 24 30 5 9 15 7 36 2 12 47 20 44 37 43 41 17 40 25 33 18 3 42 13 22 27 8 26 28 1 6 
YES
6 28 5 35 15 14 13 22 8 20 41 30 26 11 21 1 39 18 37 27 4 40 16 17 29 19 9 10 33 31 34 12 24 32 3 25 2 7 36 38 23 
YES
1 
NO
NO
NO
YES
5 2 1 8 4 9 7 6 3 
YES
14 8 12 2 11 5 1 15 6 10 4 7 16 3 13 9 
NO
NO
YES
7 9 5 6 1 8 10 2 4 3 
YES
2 1 3 4 5 
NO
YES
14 27 9 16 45 70 25 58 67 24 28 46 64 52 36 35 50 65 69 30 51 8 12 22 41 6 20 34 43 37 10 55 17 60 49 54 40 38 13 2 33 63 32 62 1 19 21 31 71 15 66 39 48 29 56 44 47 61 7 3 26 18 68 11 53 23 59 42 4 57 5 
NO
NO
NO
YES
1 
NO
NO
YES
1 2 5 6 4 8 9 3 7 
YES
7 6 2 3 8 1 9 10 4 5 11 
YES
1 
YES
1 5 2 3 6 4 
YES
9 17 14 5 11 16 13 8 15 7 12 4 6 3 1 2 10 
YES
9 20 16 12 8 14 17 4 11 15 18 7 3 1 19 6 5 10 2 13 
YES
43 48 12 35 40 38 51 22 24 4 18 19 37 2 45 30 8 52 50 6 46 27 41 7 9 23 31 14 36 17 5 10 49 20 47 44 53 26 34 16 39 11 1 28 42 32 3 29 21 13 15 33 25 
YES
19 6 21 7 11 3 15 20 5 26 16 18 10 12 22 17 4 14 9 23 24 1 25 2 13 8 
NO
NO
NO
NO
YES
3 1 4 5 2 
NO
YES
1 5 3 2 4 
NO
YES
1 
NO
YES
1 
YES
5 14 10 18 2 3 13 12 20 16 7 6 11 4 9 19 15 8 1 17 
YES
4 5 6 1 3 2 
NO
NO
NO
YES
28 36 27 6 11 24 31 30 7 25 29 16 23 21 13 14 12 9 43 15 42 22 8 41 17 3 35 32 2 19 44 33 18 1 37 26 5 4 20 40 39 38 10 34 
NO
YES
20 12 11 7 21 18 2 6 16 1 5 13 14 8 17 4 19 22 9 10 3 15 
NO
YES
26 16 52 18 41 24 7 44 70 50 71 67 19 77 35 53 75 57 37 59 48 54 60 6 55 34 69 58 79 68 29 56 39 22 63 3 5 45 40 2 78 23 73 47 49 12 31 51 20 61 72 27 10 4 1 32 33 11 30 28 66 9 76 46 65 62 25 74 43 14 38 13 64 15 17 36 42 8 21 
NO
NO
YES
61 33 40 50 19 49 38 48 27 12 34 43 45 24 52 53 9 67 57 7 72 63 68 59 66 5 37 39 3 14 10 1 60 58 71 47 42 13 2 20 17 74 21 56 26 30 46 6 70 69 18 44 4 29 8 51 22 36 73 32 35 11 41 16 23 25 15 65 28 62 31 55 64 54 
YES
1 
YES
5 4 1 9 3 7 8 2 6 10 
YES
19 8 25 11 6 9 34 31 23 35 26 15 13 4 17 30 16 24 1 7 32 12 21 14 22 3 20 29 5 27 33 28 18 10 2 
YES
9 10 19 11 15 18 17 7 13 8 14 4 5 2 12 6 3 1 16 
YES
13 9 5 8 7 20 6 10 11 4 12 22 1 2 15 19 18 14 3 17 21 16 
YES
8 1 7 6 3 2 5 4 
YES
7 12 27 21 1 8 15 10 3 24 14 6 19 13 2 5 30 9 17 16 4 23 25 20 26 22 11 18 29 28 
NO
YES
7 9 26 16 20 19 24 3 27 11 8 28 23 21 1 15 18 6 12 17 2 13 4 14 10 25 22 5 
YES
12 13 17 22 16 10 27 2 8 25 1 14 21 7 15 28 29 3 18 30 20 5 26 23 6 19 24 9 11 4 
YES
14 17 5 4 2 1 12 10 22 15 23 11 24 9 16 13 6 20 18 21 7 19 3 8 
YES
31 38 45 14 39 48 11 30 2 42 15 29 43 24 7 17 13 5 21 35 18 34 26 10 16 23 41 3 27 20 40 47 19 25 33 8 37 32 22 12 6 9 36 1 44 46 4 28 
YES
2 1 
NO
YES
8 7 13 11 2 9 4 15 10 5 3 14 1 6 12 
NO
NO
YES
31 8 38 3 27 24 15 37 28 32 39 17 2 34 13 7 14 12 4 36 11 6 16 1 10 5 23 30 20 35 25 19 21 18 29 26 22 9 33 
YES
2 3 1 
NO
YES
17 23 19 38 33 31 34 11 22 7 21 28 26 36 39 32 13 35 12 9 27 30 18 24 8 2 37 15 5 3 10 14 29 1 4 25 20 16 6 40 
YES
7 8 3 5 6 9 10 4 2 1 
NO
NO
YES
10 20 15 2 21 24 5 23 4 8 9 27 3 7 28 29 26 14 22 25 16 17 18 11 19 6 13 1 12 
NO
NO
NO
YES
4 24 17 15 2 21 14 8 23 22 9 7 10 13 18 25 20 6 3 1 12 19 5 26 11 16 
YES
6 14 4 17 1 19 5 11 3 16 10 12 9 8 18 2 15 7 13 22 21 20 
YES
9 19 7 32 8 16 34 14 29 22 25 6 20 41 40 10 43 31 42 33 23 1 26 38 18 39 3 27 30 15 37 24 17 35 36 11 13 21 12 4 44 28 5 2 
YES
6 2 3 4 1 5 
NO
NO
YES
34 28 45 40 23 37 22 19 20 25 31 2 30 48 5 27 24 15 18 6 11 3 44 35 12 7 1 47 29 13 33 32 38 26 16 46 4 43 42 14 36 10 21 9 8 39 17 41 
YES
33 49 32 18 15 10 54 39 58 56 29 42 40 37 4 27 30 6 12 24 64 53 16 25 28 1 47 55 50 9 22 45 31 61 51 63 8 41 43 46 48 3 34 17 60 20 44 35 7 13 5 14 62 59 26 57 23 52 11 36 19 38 2 21 
NO
YES
2 1 3 
YES
21 48 37 35 25 33 18 28 13 27 24 39 36 4 8 47 7 11 44 14 26 15 31 19 1 45 5 20 34 42 17 23 9 30 3 38 40 41 10 6 22 29 2 16 46 12 32 43 
YES
3 2 1 4 
YES
22 52 34 50 40 25 7 21 47 17 6 13 35 44 19 15 30 11 5 23 31 8 12 26 45 38 3 18 24 49 53 16 39 32 36 41 20 54 29 2 27 4 37 42 46 1 48 9 14 51 28 43 33 10 
YES
2 8 3 4 10 5 9 11 7 1 6 
YES
1 
YES
8 3 14 4 13 5 2 1 7 10 9 6 12 11 
NO
YES
6 1 5 8 3 7 2 4 
YES
16 19 14 17 18 5 22 1 21 9 2 13 12 8 4 7 3 20 6 15 10 11 
YES
32 35 6 23 15 26 5 37 12 9 17 24 27 11 4 8 1 36 22 16 38 21 13 30 40 34 25 3 20 2 39 28 31 33 14 7 18 29 10 19 
NO
YES
1 7 3 9 5 6 2 8 4 
YES
2 15 19 3 28 27 20 18 26 9 12 6 8 17 10 11 29 4 21 22 13 16 25 5 7 14 1 23 24 
YES
1 15 31 28 7 14 10 32 5 9 12 22 30 18 3 23 21 20 26 19 4 8 2 24 27 16 17 6 11 25 13 29 
NO
NO
NO
YES
26 11 24 9 15 10 7 5 6 14 20 1 8 17 19 21 18 4 3 12 2 16 22 13 25 23 
YES
23 2 14 3 9 32 47 13 37 12 6 34 40 16 21 31 42 19 36 1 35 20 26 15 22 38 39 43 11 10 4 27 25 29 44 7 24 30 46 45 17 41 8 33 18 5 28 
YES
4 1 2 3 
NO
NO
YES
21 2 24 1 22 17 16 8 6 13 18 5 7 19 3 4 15 14 20 10 9 25 11 23 12 
NO
NO
YES
10 14 9 18 3 4 13 5 17 16 2 12 7 15 11 8 6 1 
NO
NO
YES
2 1 
YES
3 1 2 4 
NO
YES
32 3 21 1 19 2 18 25 6 12 11 23 13 17 16 33 29 14 15 5 26 27 28 10 9 34 35 8 7 24 30 20 31 22 4 
YES
2 5 8 7 4 3 1 6 9 
NO
YES
33 23 29 16 18 14 32 11 22 9 28 20 4 30 17 24 8 21 15 31 7 26 5 13 25 10 27 6 1 2 3 19 12 
NO
NO
NO
YES
4 22 34 29 11 24 28 19 23 6 15 25 7 35 2 32 26 12 33 5 30 3 10 31 13 16 36 9 8 1 14 21 27 18 20 17 
NO
NO
YES
3 1 2 
NO
YES
8 2 1 9 12 10 6 3 7 4 13 11 5 
YES
41 18 1 32 21 26 25 16 29 40 14 35 31 11 33 13 6 10 7 36 12 2 24 5 20 28 42 22 15 30 27 38 8 3 9 17 37 34 19 39 23 43 4 
NO
NO
NO
YES
1 25 31 5 4 9 22 2 32 26 16 6 15 24 17 8 10 21 27 19 20 29 12 33 7 23 18 30 28 11 13 3 14 
YES
1 2 
NO
YES
5 1 2 7 6 4 3 
NO
YES
3 4 1 6 2 5 7 
YES
16 9 25 17 14 23 18 15 6 19 1 5 2 22 20 11 10 4 21 24 8 3 12 7 13 
YES
1 2 
YES
10 2 3 9 5 1 11 4 6 7 8 
NO
NO
NO
YES
1 2 4 3 
YES
5 4 3 1 2 
NO
NO
YES
21 33 15 19 53 39 10 6 55 1 28 26 64 31 47 18 59 16 2 5 35 22 52 49 57 45 48 14 12 54 37 42 27 71 24 68 36 60 9 4 30 44 25 50 51 11 23 46 63 70 65 43 34 29 40 38 66 8 61 20 13 41 67 62 69 32 58 3 17 56 7 
NO
YES
3 2 1 
YES
15 16 33 22 36 29 28 21 20 3 8 14 35 32 9 13 31 6 12 30 24 23 17 37 11 2 10 27 18 1 5 19 4 26 25 7 34 
NO
YES
16 78 81 75 22 57 10 14 2 84 35 77 74 72 36 50 68 12 67 54 33 4 64 86 5 37 65 49 55 24 29 58 31 56 62 20 13 7 39 19 70 66 63 45 17 79 82 27 46 71 44 85 60 8 61 53 47 9 18 28 3 69 59 11 80 25 48 38 73 23 83 41 76 51 21 30 42 26 52 34 40 15 43 32 1 6 
YES
35 42 15 3 21 11 43 4 12 1 9 23 58 47 7 16 20 52 19 29 25 24 54 50 33 31 6 32 14 48 18 36 27 41 17 5 30 59 28 45 49 55 44 2 40 38 22 37 39 8 56 53 10 13 26 51 34 57 46 
YES
10 12 2 7 1 3 8 11 4 6 5 9 
YES
1 
NO
YES
1 
YES
1 
NO
NO
NO
YES
1 2 
NO
NO
YES
2 4 1 3 5 
YES
10 17 4 16 9 8 13 18 6 15 3 12 1 2 7 11 14 5 
YES
14 3 10 11 6 4 7 2 12 9 15 13 1 8 5 
YES
7 9 12 4 1 3 11 6 2 8 14 5 15 13 10 
NO
NO
NO
YES
6 10 11 12 3 8 14 15 7 4 9 13 2 1 17 5 16 
YES
8 4 12 6 3 1 2 11 10 7 9 5 
YES
3 8 15 14 20 2 11 18 19 17 9 12 10 5 21 16 23 1 22 13 7 4 6 
YES
1 
YES
5 2 4 3 1 
YES
3 6 5 2 1 4 
YES
18 6 9 12 22 17 5 8 1 4 13 3 11 19 10 16 21 7 14 20 2 15 
NO
YES
2 1 
NO
YES
1 6 5 4 2 3 
NO
YES
11 17 16 6 4 10 5 8 13 1 20 15 12 18 3 19 2 7 14 9 
YES
20 11 2 30 29 3 9 28 18 25 7 10 5 8 16 6 13 24 33 1 22 31 12 34 32 21 19 17 35 15 27 14 4 23 36 26 
YES
2 20 8 24 32 7 6 4 11 28 25 19 1 12 15 30 9 29 18 13 27 17 22 16 3 10 23 26 21 31 5 14 
YES
11 5 22 10 23 21 17 18 9 8 6 13 14 7 16 3 4 15 2 19 12 1 20 
NO
NO
NO
YES
1 
NO
YES
2 29 30 27 39 4 44 13 23 26 18 37 1 17 3 20 41 46 42 32 16 31 28 36 8 34 22 38 12 43 33 24 35 40 19 6 10 21 25 7 45 11 9 15 14 48 47 5 
NO
YES
1 4 15 17 6 14 9 18 10 13 11 16 5 3 8 7 12 2 
NO
NO
YES
2 6 13 4 12 5 10 11 1 3 8 9 7 
NO
NO
NO
NO
YES
2 1 
NO
YES
14 28 27 26 15 17 2 5 4 19 21 8 18 10 3 24 16 7 6 13 9 22 25 23 1 12 20 11 
YES
3 2 7 8 6 4 1 5 
YES
7 1 8 9 5 4 3 2 6 
NO
YES
14 37 32 13 19 39 9 27 18 30 15 31 35 36 3 33 22 6 34 12 20 29 24 4 2 21 26 17 25 5 10 28 8 16 7 1 11 38 23 
YES
9 8 10 5 1 11 4 3 6 2 7 
YES
1 
NO
NO
NO
NO
YES
1 
NO
YES
20 7 37 11 4 31 8 22 15 47 30 5 26 48 16 13 21 32 42 23 40 14 17 6 45 28 41 43 9 1 29 3 46 12 33 19 25 39 44 18 27 34 2 10 35 38 36 24 
YES
10 1 7 2 6 3 11 4 8 12 5 9 
YES
7 9 3 13 11 35 27 5 38 22 12 20 15 29 1 21 36 14 26 34 8 16 17 19 33 18 25 10 28 31 24 6 2 23 32 4 37 30 
YES
11 4 25 8 30 2 32 10 15 9 3 29 27 13 20 7 21 26 6 12 22 24 17 31 33 28 19 5 23 18 1 34 14 16 
YES
25 20 26 18 21 12 8 10 19 14 15 11 22 24 7 5 1 17 9 23 6 13 2 16 3 4 
YES
8 13 17 7 18 15 6 12 19 21 9 14 16 11 5 4 22 20 1 10 3 2 
NO
NO
YES
1 4 5 2 3 
NO
YES
1 
NO
YES
2 22 7 8 11 12 14 1 9 5 6 10 18 16 17 21 13 3 15 20 4 19 
NO
YES
12 19 62 7 39 46 31 21 22 28 38 35 2 45 3 34 17 51 49 37 53 25 33 30 29 48 4 11 41 1 10 36 44 6 54 42 32 40 5 47 58 26 24 43 60 52 55 20 27 59 15 13 56 50 14 18 23 57 16 8 61 9 
NO
YES
2 1 
NO
YES
2 12 18 9 5 1 11 16 17 6 7 4 8 13 15 3 10 14 
YES
11 5 15 13 7 9 16 10 8 24 20 22 21 4 12 6 3 14 2 25 18 17 1 23 19 
NO
YES
5 1 4 6 2 3 
NO
NO
YES
14 8 19 11 23 4 12 5 15 6 16 3 21 7 13 10 17 9 18 2 20 22 1 
YES
1 
YES
1 
YES
15 32 10 8 20 28 9 5 12 30 14 23 22 18 4 27 19 3 21 16 29 6 24 11 7 17 26 31 1 13 25 2 
YES
6 12 8 18 4 21 5 17 13 1 22 14 9 3 11 7 16 20 15 2 19 10 
YES
2 5 13 21 4 20 1 17 19 15 14 10 11 8 6 16 18 12 9 7 3 
NO
YES
18 30 24 13 34 33 23 17 4 15 36 7 1 12 28 14 20 16 10 22 2 29 32 8 21 11 6 35 26 9 19 3 31 5 25 27 
YES
8 4 7 2 6 1 5 3 
YES
12 5 17 10 1 3 13 6 16 14 11 4 15 7 9 2 8 
YES
3 41 15 35 30 29 24 39 22 7 13 10 37 33 2 26 40 20 31 32 25 5 4 28 8 12 23 9 14 36 18 16 34 6 11 1 27 38 21 19 17 
YES
27 11 19 12 3 25 10 21 30 23 7 4 15 8 29 16 5 26 1 6 2 18 17 14 13 9 28 22 24 20 
NO
NO
YES
13 10 35 17 33 20 36 28 19 21 6 26 4 15 18 22 34 12 27 29 24 9 8 2 16 11 31 25 14 1 3 32 30 5 23 7 
YES
3 1 2 
YES
6 40 4 42 24 14 30 7 34 18 45 28 35 31 43 25 10 3 44 23 12 8 29 15 11 36 41 5 17 9 22 32 38 20 37 16 46 19 27 26 21 39 13 33 2 1 
NO
NO
YES
5 1 4 3 2 6 
NO
NO
NO
YES
2 9 24 4 27 25 11 12 3 5 29 23 13 20 8 19 18 17 22 1 14 15 7 10 16 26 28 6 21 
YES
4 6 15 7 14 5 11 8 12 1 10 16 9 13 17 3 2 18 
NO
NO
YES
10 3 6 11 7 4 8 5 9 1 2 
YES
8 9 12 6 1 7 3 10 11 2 4 5 
NO
YES
10 41 9 45 16 44 32 4 23 13 38 11 18 2 35 8 5 31 1 40 21 27 33 26 39 36 25 17 3 42 29 24 34 43 12 14 20 30 22 6 28 19 7 37 15 
YES
1 19 11 14 3 26 10 13 27 8 24 22 9 20 21 25 5 12 16 2 23 7 15 6 4 17 18 
YES
13 6 4 9 12 5 7 14 3 1 15 10 2 11 8 
YES
3 2 4 5 1 
YES
5 8 2 4 1 9 3 10 7 6 
YES
29 10 28 12 1 5 31 27 19 35 32 2 14 4 17 7 21 24 9 30 22 11 34 20 16 8 26 23 15 36 18 6 33 3 13 25 
NO
NO
YES
4 5 8 7 2 9 11 1 3 10 6 
YES
2 5 3 4 1 6 
NO
YES
24 6 30 17 26 33 34 25 37 22 28 2 23 36 38 12 29 20 19 14 1 18 3 9 32 11 16 5 35 10 4 21 8 31 27 13 7 15 
YES
3 4 7 8 1 2 5 6 9 10 
YES
1 3 2 7 8 9 5 6 4 
NO
YES
2 1 
YES
6 3 9 1 7 5 11 2 8 4 10 
YES
1 2 
YES
50 14 38 7 2 8 23 17 31 10 5 32 45 51 19 9 1 44 4 25 12 33 49 30 35 48 29 18 47 11 20 28 39 3 43 37 13 40 26 22 36 42 27 15 34 24 41 6 21 46 16 
NO
NO
YES
14 13 6 7 18 9 10 2 8 17 5 16 4 15 3 11 1 12 
NO
YES
4 6 9 8 11 10 2 14 5 1 15 7 3 13 12 
NO
YES
1 
NO
YES
2 5 8 7 3 9 6 4 1 
YES
13 4 14 3 9 16 12 11 2 8 17 1 15 10 6 7 5 
YES
2 6 9 1 10 5 4 8 3 7 
NO
NO
NO
YES
11 26 27 16 20 1 50 15 8 2 24 9 42 13 18 35 10 41 33 30 25 43 39 19 38 22 37 40 5 14 46 36 17 4 29 31 32 44 28 47 21 45 23 48 49 3 6 12 7 34 
YES
37 38 32 74 59 34 7 4 23 65 25 60 26 18 56 16 1 52 85 64 54 57 20 22 79 36 72 28 63 9 61 29 47 33 5 80 50 66 55 81 31 35 8 3 30 69 49 48 24 11 73 21 58 15 41 40 45 17 82 46 19 76 27 12 13 84 42 68 44 43 70 67 2 71 62 78 39 51 75 10 53 83 77 6 14 
NO
YES
3 6 1 5 7 2 4 
YES
4 3 1 2 5 
NO
YES
12 2 17 1 3 23 13 18 20 6 15 10 21 9 5 22 16 8 7 14 4 19 11 
YES
64 7 21 53 56 10 4 52 55 22 23 6 24 33 13 40 12 71 54 3 60 41 31 27 67 14 42 26 34 38 62 1 58 57 49 37 75 30 36 9 47 70 32 63 59 29 28 25 45 72 73 16 17 35 19 8 20 51 46 18 5 11 68 66 61 44 2 65 50 48 74 69 43 39 15 
YES
8 7 2 6 4 5 3 9 1 
YES
3 4 1 2 
YES
14 8 9 11 5 24 25 26 6 16 31 12 35 19 20 32 27 23 13 17 15 3 28 2 22 7 33 10 21 1 4 18 36 34 30 29 
YES
5 6 2 4 3 1 
YES
10 14 20 18 2 4 3 8 6 12 9 17 15 16 19 7 1 11 13 5 
YES
46 67 45 48 36 49 8 47 29 54 14 31 34 35 42 16 27 20 1 10 22 15 72 12 69 41 30 25 2 38 37 39 55 73 59 51 6 17 44 71 32 62 64 5 21 40 33 66 43 65 4 3 53 11 24 60 50 58 28 9 63 52 61 57 13 70 19 18 23 7 26 74 56 68 
NO
NO
YES
4 1 6 5 3 2 8 7 9 
YES
58 21 13 35 2 48 27 16 18 1 4 7 60 17 33 29 65 51 46 63 12 39 40 42 54 34 49 47 59 43 20 53 8 11 44 67 22 30 38 15 9 23 3 52 14 45 31 62 26 32 5 57 56 41 6 37 36 68 66 55 19 50 64 28 10 24 61 25 69 
NO
NO
NO
YES
21 6 11 22 9 3 18 5 8 20 7 17 13 1 12 4 19 2 15 16 10 14 
NO
YES
6 2 3 5 4 1 
YES
21 36 45 49 48 20 15 25 22 33 66 13 35 60 2 5 12 42 64 72 62 56 54 34 8 51 11 43 40 18 31 27 71 23 52 14 70 26 28 39 16 38 29 30 41 57 37 24 44 47 55 4 9 17 58 46 7 68 3 32 67 6 61 1 69 65 19 59 53 10 50 63 
YES
8 3 7 9 4 5 6 1 2 
NO
YES
31 14 5 45 24 42 34 7 4 9 29 15 19 2 30 46 21 36 13 41 23 20 27 12 38 6 44 35 43 50 3 39 37 51 40 32 26 8 10 33 17 52 49 11 47 16 25 18 28 1 48 22 
YES
59 7 31 24 4 30 16 65 44 42 60 8 5 20 26 50 57 41 43 40 17 48 58 29 21 37 22 69 46 39 25 15 61 72 70 6 52 53 68 2 33 13 64 36 67 55 9 38 45 71 18 54 1 19 63 11 3 12 47 14 66 62 51 10 49 32 34 27 23 28 35 56 
YES
23 19 10 15 8 7 6 22 20 11 4 2 16 24 17 3 1 18 25 26 14 12 13 5 21 9 
YES
4 11 9 8 3 1 5 2 7 10 6 
NO
YES
16 5 18 7 13 9 1 2 15 4 11 8 19 6 14 17 3 10 12 
YES
1 
YES
21 34 58 69 4 26 53 49 68 41 50 3 25 51 10 38 57 6 54 46 63 64 29 61 7 9 11 70 31 5 74 23 17 62 18 19 72 45 66 30 15 35 28 22 27 2 8 65 56 33 47 20 55 73 37 36 67 42 12 43 48 59 52 16 39 32 44 40 13 24 1 60 14 71 
YES
4 3 1 2 
NO
YES
36 59 50 2 33 24 26 18 20 58 10 57 27 43 7 45 29 15 9 1 39 19 41 53 31 21 48 42 35 6 37 17 44 60 5 22 13 28 32 12 55 25 34 11 30 38 47 52 16 49 56 3 23 8 62 46 14 4 61 51 54 40 
YES
43 36 19 9 15 31 12 6 8 37 3 48 45 30 10 34 49 26 5 25 4 7 46 24 29 50 42 47 39 33 11 40 32 20 41 23 22 38 13 17 18 16 21 1 28 35 2 27 44 14 
YES
1 2 
NO
NO
YES
21 20 2 5 7 14 11 19 1 22 12 24 9 8 18 16 17 4 23 13 15 3 10 6 
YES
5 23 15 22 6 26 14 20 12 13 1 4 10 16 27 2 11 19 30 18 21 28 7 31 25 9 3 8 29 24 17 
YES
1 10 17 15 12 21 20 8 16 5 3 14 19 9 18 6 4 11 13 7 2 22 
YES
41 5 40 14 60 18 49 37 45 8 20 53 3 13 57 34 48 55 33 42 11 43 47 30 10 29 22 19 36 35 17 25 4 2 16 63 39 7 28 54 6 15 23 59 46 1 56 24 38 61 31 62 27 44 50 51 52 21 12 9 26 58 32 
YES
17 11 8 13 33 4 2 14 36 3 22 7 5 19 24 30 6 23 31 39 29 21 26 32 34 25 27 38 37 9 20 15 18 28 35 10 12 16 1 
NO
YES
31 17 7 13 23 11 25 16 2 10 8 22 30 33 27 14 36 15 29 32 35 21 12 1 37 4 28 9 38 6 34 19 18 5 26 3 24 20 
NO
YES
5 3 4 2 1 
YES
1 2 
NO
NO
NO
YES
15 61 58 53 23 66 48 57 56 35 75 6 64 69 67 9 17 22 3 27 5 52 21 71 31 24 74 2 25 11 80 44 79 12 39 70 46 10 14 50 47 29 68 33 62 76 54 8 51 7 65 49 60 30 59 55 45 77 78 81 16 4 38 37 41 63 20 26 73 18 13 36 72 43 19 1 34 42 40 32 28 
YES
15 36 7 38 6 46 5 31 37 30 24 2 48 18 4 27 3 28 14 12 41 44 42 13 19 11 8 10 43 40 20 29 1 39 26 17 33 35 47 9 45 34 21 49 22 32 16 23 25 
YES
2 6 4 7 3 5 8 1 
YES
11 32 16 26 19 18 40 36 5 24 13 7 6 3 38 39 25 8 14 21 29 34 9 1 22 31 37 35 4 12 30 27 10 41 23 17 33 28 20 15 2 
YES
38 13 2 30 9 14 32 20 24 19 21 27 26 3 4 40 36 37 22 35 1 23 11 28 16 17 5 18 12 33 31 34 6 15 7 39 10 25 8 29 
NO
YES
11 19 21 23 20 10 8 25 15 3 16 7 22 2 5 13 26 6 4 12 24 9 17 18 1 14 
YES
35 27 37 33 36 38 30 26 6 1 25 7 34 16 32 14 23 10 3 9 4 24 13 21 2 19 17 20 31 29 8 15 22 5 18 12 28 11 
NO
YES
10 31 37 33 40 29 7 5 8 12 23 43 3 9 42 24 16 15 35 36 44 19 28 17 27 30 11 20 38 21 6 41 14 22 18 4 2 1 32 34 25 13 39 26 
YES
2 9 4 6 1 3 11 10 8 5 7 
YES
73 58 72 82 12 61 28 17 1 71 64 81 70 7 42 9 35 52 56 45 69 5 47 68 78 34 38 50 39 30 79 19 11 63 27 43 6 31 44 46 76 4 62 41 66 22 8 33 16 80 77 26 24 83 51 32 29 53 67 36 49 14 3 25 59 21 23 65 60 55 20 10 48 13 18 54 74 37 40 75 2 57 15 
YES
11 5 1 17 12 10 16 2 4 3 7 9 15 13 6 8 14 
YES
26 12 17 3 35 19 9 33 14 11 24 18 6 31 15 30 5 7 4 13 32 36 1 27 25 29 34 16 23 8 22 2 10 21 20 28 
YES
8 48 17 68 20 7 70 28 40 26 24 10 73 62 52 13 37 5 53 25 63 16 67 18 65 71 36 42 27 66 19 21 22 59 32 51 31 50 47 29 49 64 55 11 9 61 58 1 35 4 54 57 34 39 6 43 72 60 15 41 38 12 45 69 56 46 23 3 30 44 14 33 2 
NO
YES
23 15 9 8 5 13 20 10 12 28 32 21 26 14 7 30 16 4 25 2 29 24 6 33 27 1 31 3 19 17 22 18 11 
NO
YES
38 25 31 61 66 63 28 48 46 33 13 58 60 69 65 21 8 29 50 41 1 16 24 6 19 5 64 45 18 9 15 12 44 71 3 40 55 57 70 27 36 35 62 14 54 20 23 10 32 4 7 73 53 52 51 2 47 11 34 56 68 26 72 67 39 59 22 37 30 17 49 42 43 
YES
15 7 38 28 4 14 24 37 21 36 32 22 18 23 33 30 16 31 5 1 29 19 26 13 20 39 9 11 8 12 34 17 25 2 40 35 6 27 3 10 
YES
13 14 8 11 25 28 31 5 36 10 17 12 19 38 23 3 37 16 6 22 7 18 24 4 9 21 33 35 27 15 30 20 26 32 34 2 29 1 
YES
26 49 12 42 9 28 50 17 18 37 29 1 47 33 41 3 45 43 5 22 16 4 25 36 10 35 40 48 39 21 24 44 13 8 31 19 14 30 2 46 20 38 27 7 11 15 32 34 23 6 
NO
YES
2 4 5 1 11 12 13 9 6 14 8 7 3 10 
YES
3 1 2 
NO
NO
YES
2 3 1 4 5 
YES
54 74 91 47 41 23 45 32 62 59 43 10 35 2 76 92 87 8 75 81 84 30 24 27 70 90 89 6 82 83 36 51 38 88 33 52 57 72 3 79 34 49 7 18 37 93 61 12 86 14 68 25 44 21 31 78 53 20 28 40 63 5 15 80 22 69 11 42 50 1 58 71 60 9 26 85 66 64 4 48 77 65 16 19 55 67 13 39 73 17 56 29 46 
YES
23 16 32 18 3 28 17 35 9 1 29 8 30 27 5 7 13 42 34 43 36 24 21 14 33 40 11 44 39 41 15 37 31 12 19 10 22 26 20 38 2 25 4 6 
NO
NO
YES
1 
YES
1 7 3 4 2 6 9 8 5 
NO
NO
YES
11 16 14 17 9 13 10 1 5 8 12 7 15 6 4 3 2 
NO
YES
13 3 35 32 2 8 37 20 12 17 1 15 28 19 6 25 21 7 14 33 10 23 24 16 9 34 38 22 27 31 30 36 11 18 29 5 4 26 
YES
3 1 2 
NO
YES
5 12 23 33 48 7 38 6 44 24 28 40 1 19 8 9 31 36 18 13 51 32 42 16 35 27 50 45 39 55 26 34 10 52 53 14 49 20 47 25 2 22 46 21 41 43 15 17 3 29 30 4 54 37 11 
NO
NO
NO
YES
16 26 22 1 20 17 12 30 28 3 23 11 9 19 18 24 6 2 7 14 5 15 4 25 10 8 21 29 13 27 
NO
NO
YES
1 2 
NO
YES
8 7 4 11 3 6 5 1 2 10 9 
YES
30 6 23 2 5 14 13 17 25 27 19 1 18 21 8 16 29 12 11 28 22 9 3 26 10 7 24 4 15 20 
YES
2 4 7 3 5 6 1 
YES
11 12 17 10 2 4 16 3 7 15 1 8 5 9 13 6 14 
YES
5 14 1 3 2 18 19 11 12 15 20 13 8 21 17 4 7 9 6 10 16 
YES
5 2 4 1 3 
YES
1 6 7 12 13 10 11 9 5 3 2 8 4 14 
YES
4 1 6 5 2 3 
YES
12 16 10 6 8 22 19 23 20 3 17 7 18 4 14 1 2 9 11 21 15 5 13 
YES
1 
NO
YES
21 9 26 41 38 1 47 45 3 28 18 27 30 5 15 33 14 7 42 11 19 25 39 12 36 40 34 13 4 6 43 20 16 22 46 31 32 10 24 29 23 37 35 17 2 8 44 
YES
21 11 16 4 7 9 40 28 36 35 12 24 33 20 41 38 29 27 17 37 1 5 10 32 34 2 31 6 8 14 30 26 3 22 39 19 25 23 13 18 15 
YES
3 1 7 8 5 6 2 11 13 4 9 12 10 
YES
7 3 4 6 1 5 8 2 
YES
10 14 26 23 5 9 3 1 19 2 27 6 25 28 7 4 18 20 24 30 21 16 13 33 17 12 34 32 11 31 22 8 29 15 
YES
2 1 
YES
3 4 2 1 
NO
NO
NO
NO
YES
3 2 6 8 1 5 9 7 10 11 4 
NO
YES
2 1 
NO
YES
73 28 17 54 20 24 65 32 61 51 71 19 10 30 4 52 62 68 40 26 21 35 66 58 63 37 60 69 29 3 31 5 50 13 74 34 38 53 36 22 41 7 18 49 55 67 33 44 72 56 1 64 48 43 6 15 27 46 57 45 42 2 39 70 47 25 59 14 12 11 9 8 23 16 
NO
NO
YES
3 4 5 1 2 6 
YES
59 10 28 41 34 23 11 32 40 39 36 45 27 53 25 50 58 30 57 61 7 35 6 9 14 33 60 29 18 20 37 49 12 55 43 44 52 2 24 8 22 42 51 54 47 17 3 46 4 26 1 63 16 5 38 56 13 31 19 62 21 15 48 
NO
YES
1 
NO
YES
1 
NO
NO
NO
NO
YES
11 2 8 3 6 13 10 7 12 9 4 1 5 
YES
1 
NO
YES
7 9 18 6 12 16 14 5 2 1 4 13 20 3 8 17 19 10 15 11 
NO
YES
26 4 29 11 19 37 17 28 14 42 24 31 15 21 39 27 1 40 22 7 35 34 16 12 33 23 36 25 2 30 6 13 9 20 41 38 3 32 10 18 5 8 
YES
22 15 18 3 6 26 2 11 8 16 4 19 10 20 25 5 24 7 21 13 12 9 23 1 14 17 
NO
NO
YES
50 30 38 32 59 53 44 20 21 66 74 71 63 3 35 76 65 16 72 64 43 46 10 51 58 37 31 7 25 62 70 36 55 67 29 17 41 61 5 73 40 14 6 1 47 77 45 56 27 39 33 28 19 34 4 79 48 49 68 75 18 23 9 57 54 69 2 78 13 22 8 11 42 26 12 52 60 15 24 
NO
YES
32 23 22 15 2 27 16 7 13 14 11 10 30 9 29 5 1 18 31 21 24 17 3 28 33 20 4 8 6 25 12 19 26 
YES
16 1 11 10 14 8 15 18 13 9 23 12 25 24 26 7 21 19 27 3 6 20 4 17 22 2 5 
YES
12 5 29 1 30 21 31 32 14 24 8 4 2 16 19 11 26 28 23 25 9 17 3 10 18 34 20 15 22 27 13 33 7 6 
NO
NO
YES
7 14 2 5 18 1 6 13 12 10 9 11 19 15 8 17 20 16 4 3 
YES
5 4 8 2 7 6 9 3 1 
NO
YES
12 23 31 18 10 8 20 3 30 29 17 15 9 28 27 21 24 32 1 4 11 13 25 6 14 26 2 7 19 16 5 22 
NO
YES
1 2 
NO
YES
5 8 13 30 10 11 4 28 19 26 3 9 31 18 21 34 7 1 20 6 29 33 24 25 27 15 17 22 2 16 14 12 23 32 
NO
NO
YES
11 57 34 54 38 36 30 27 26 41 45 51 37 56 31 15 58 7 32 33 28 29 16 6 22 42 46 9 48 50 40 43 24 18 5 25 1 52 39 20 55 44 47 14 19 4 12 21 3 49 35 59 13 10 8 23 53 2 17 
YES
2 1 
NO
NO
YES
14 3 6 9 7 5 2 12 8 1 16 15 13 10 4 11 
YES
5 21 9 24 17 11 4 1 13 16 32 18 14 2 10 29 12 7 19 22 27 6 26 31 30 23 3 15 28 20 25 8 
YES
1 3 5 4 2 
YES
15 13 2 9 5 12 7 8 4 3 10 14 1 6 11 
YES
12 20 21 1 13 15 14 26 10 17 25 2 18 27 8 6 5 22 23 16 24 3 19 9 7 4 11 
NO
YES
1 7 27 5 2 25 6 22 17 21 24 3 26 13 14 23 18 12 15 4 19 20 9 11 10 16 8 
NO
YES
8 6 4 9 10 3 1 5 2 7 
NO
YES
1 
NO
YES
36 29 5 26 23 31 22 34 15 1 10 27 21 19 14 20 32 40 6 17 39 24 11 38 2 35 9 37 13 18 28 8 7 3 30 16 25 4 41 12 33 
YES
32 13 31 26 28 29 21 16 2 36 24 17 14 1 27 10 23 6 7 11 35 3 30 22 4 15 33 9 5 19 20 18 25 34 12 8 
YES
13 7 3 14 4 11 2 5 9 15 1 8 6 10 12 
YES
5 2 6 9 4 3 7 8 1 
NO
YES
47 51 15 10 6 4 27 9 29 17 13 48 37 46 33 44 40 38 22 8 16 41 34 54 42 53 30 55 25 14 43 21 36 2 35 20 12 1 45 50 39 26 19 5 7 11 56 24 31 32 23 49 3 57 28 52 18 
NO
YES
6 7 1 5 4 3 2 
NO
NO
YES
2 1 
NO
YES
23 15 30 24 28 12 18 33 32 10 8 37 34 40 41 36 6 31 5 27 25 21 14 20 38 29 13 17 19 7 9 11 42 1 35 2 26 22 3 4 39 16 
YES
9 2 1 7 8 3 6 4 5 
YES
2 3 1 
YES
7 23 10 6 12 22 14 1 19 21 3 5 13 9 18 16 11 8 17 2 20 4 15 
YES
11 56 8 18 22 49 5 32 31 19 38 68 64 1 13 82 84 53 39 43 45 26 17 77 3 23 72 42 47 81 80 85 67 76 12 59 78 36 7 79 10 70 16 4 30 73 46 2 27 50 57 83 41 24 25 14 33 44 60 65 61 74 63 6 52 20 21 62 15 35 9 40 51 71 29 34 69 58 37 28 48 66 54 75 55 
YES
2 10 5 11 8 1 12 15 6 14 3 7 13 4 9 
YES
1 2 
YES
2 6 15 1 13 10 5 9 14 3 11 4 7 12 8 
NO
YES
1 2 3 
NO
NO
NO
YES
18 3 26 25 8 31 1 14 17 16 9 5 6 12 19 15 28 29 23 30 11 21 22 10 32 7 27 33 2 13 20 24 4 
YES
4 10 18 15 8 6 13 5 19 12 14 16 11 3 9 7 2 1 17 
NO
YES
13 6 7 14 4 8 15 5 11 3 2 1 9 10 12 
YES
20 28 18 25 27 29 22 7 15 2 16 13 26 10 8 19 21 5 6 24 17 14 1 4 11 3 23 12 9 
NO
NO
NO
YES
1 2 
YES
4 3 2 1 
YES
1 
YES
5 11 7 8 10 6 14 2 17 16 1 13 9 3 15 4 12 
YES
8 6 11 10 7 4 13 5 14 9 2 12 3 1 
YES
2 1 3 
YES
3 6 5 2 4 1 
YES
66 27 55 23 41 28 18 13 44 4 19 7 38 60 54 11 20 48 56 31 10 21 2 15 68 35 6 40 59 26 30 34 25 62 29 67 53 64 49 9 42 63 32 69 12 36 52 5 57 58 39 1 43 61 24 71 45 3 47 70 8 65 17 14 46 22 16 51 33 50 37 
YES
4 1 7 6 3 8 2 5 
NO
NO
YES
42 14 5 40 27 20 31 50 52 51 30 22 41 9 2 4 56 33 53 55 11 34 29 54 18 23 37 28 45 7 6 26 15 38 46 32 17 35 49 43 47 1 16 36 8 13 25 3 12 19 24 44 21 39 10 48 
NO
NO
YES
12 5 11 9 13 2 14 8 15 16 3 10 6 7 1 4 
YES
34 54 55 27 52 24 25 32 17 33 12 21 47 44 31 1 29 51 30 41 9 26 3 23 14 11 40 45 36 5 16 8 57 39 6 49 37 48 53 28 22 13 42 2 18 35 19 15 38 20 46 43 4 10 50 7 56 
NO
NO
YES
1 
NO
YES
19 1 12 24 9 8 18 23 2 3 11 22 17 6 5 15 20 10 7 16 4 13 14 21 
NO
YES
12 3 7 4 5 8 9 1 11 13 6 10 2 
YES
1 2 
NO
NO
YES
7 4 1 2 5 8 6 3 
NO
YES
7 9 6 5 2 3 4 1 8 
YES
11 2 5 3 7 1 10 4 8 6 9 
YES
5 1 3 4 6 2 
NO
NO
NO
NO
YES
14 18 17 9 19 13 5 7 16 12 3 8 2 11 4 10 6 1 15 
NO
YES
1 
YES
25 10 12 8 16 1 2 22 7 13 19 11 3 5 15 4 6 20 18 23 21 17 9 24 14 
YES
28 33 81 55 53 8 22 57 31 87 6 84 41 25 43 47 72 23 27 83 35 4 19 42 38 21 3 2 49 11 59 26 32 17 34 15 12 66 82 69 39 71 24 58 18 46 37 54 51 40 13 68 60 64 88 36 75 1 5 30 78 89 61 14 86 74 45 16 90 56 50 10 63 70 65 85 44 79 80 62 73 48 52 20 77 67 7 29 76 9 
YES
13 8 2 1 14 11 10 9 12 6 3 5 7 4 
NO
YES
10 9 7 4 12 3 5 1 6 8 2 11 
NO
YES
2 3 1 
NO
YES
4 5 3 20 16 11 17 1 8 6 19 18 15 10 14 12 2 7 13 9 
YES
2 3 1 
YES
2 1 6 4 5 3 
NO
YES
3 1 9 8 4 2 6 10 7 11 5 
NO
YES
28 7 13 27 25 38 12 50 15 10 24 32 18 19 49 22 17 45 29 21 42 26 11 6 8 51 3 43 47 14 5 2 16 40 46 52 4 34 23 30 1 41 39 9 35 33 44 48 53 20 36 37 31 
YES
1 
YES
22 23 17 1 10 38 47 26 60 61 54 27 31 29 42 55 52 39 14 2 30 37 64 15 20 32 4 7 18 28 9 50 53 21 63 62 59 40 12 8 13 34 3 58 33 43 56 35 45 66 41 57 46 11 48 44 16 65 24 25 36 19 51 5 6 49 
NO
YES
18 7 21 31 19 26 17 3 27 28 4 30 15 5 1 12 9 20 29 8 25 6 24 14 23 32 10 13 2 34 33 16 11 22 
YES
1 
NO
YES
9 5 6 12 7 4 11 1 3 10 8 2 
NO
YES
1 
NO
NO
YES
15 6 5 2 17 12 22 20 21 10 9 8 7 23 24 18 3 25 13 14 4 1 16 19 11 
NO
YES
9 14 34 1 22 35 36 37 23 11 5 18 8 13 10 17 27 16 25 4 32 28 6 33 2 20 30 31 3 26 12 19 21 15 24 29 7 
NO
NO
YES
13 5 2 7 9 14 6 4 12 11 10 1 3 8 
NO
YES
1 
NO
NO
YES
6 2 1 7 5 4 8 9 3 
YES
4 2 14 12 5 11 9 13 3 8 15 7 10 1 6 
YES
2 1 
NO
NO
YES
2 3 1 
YES
1 26 19 16 14 5 11 7 25 15 30 22 28 3 8 21 9 20 27 29 24 31 13 17 32 6 23 12 4 33 10 2 18 
YES
2 1 
YES
1 3 2 4 
NO
NO
YES
27 30 29 46 33 41 10 49 40 43 39 50 12 23 1 8 7 32 38 28 21 15 25 24 37 3 48 18 4 31 6 17 2 26 5 36 14 9 11 19 42 44 16 45 35 20 22 51 34 13 47 
NO
NO
NO
NO
YES
17 52 39 23 34 63 11 31 60 16 20 30 50 10 1 46 71 66 45 33 68 55 73 76 4 29 13 75 38 14 48 12 36 5 69 2 59 18 43 40 58 26 6 22 51 7 3 56 74 32 67 53 35 44 15 21 28 27 62 24 64 8 72 42 61 47 65 54 9 49 57 37 41 70 19 25 
YES
5 8 4 3 1 7 2 6 
YES
20 13 7 14 6 15 11 1 18 9 22 3 21 8 16 10 19 4 5 12 17 2 
YES
2 1 
NO
NO
NO
NO
YES
9 8 1 3 10 7 4 2 5 6 
YES
1 
NO
YES
3 7 8 1 6 2 4 5 
NO
NO
YES
21 25 12 18 15 1 24 10 20 7 3 17 23 13 9 14 19 2 8 22 4 5 11 6 16 
NO
NO
YES
10 9 2 5 3 8 6 4 1 7 
NO
YES
4 15 19 9 12 16 8 5 14 11 1 2 6 7 10 17 13 18 3 20 
NO
YES
5 8 6 3 9 2 1 7 4 
YES
2 3 1 
NO
YES
4 9 12 3 7 13 11 6 10 1 5 8 2 
YES
33 28 8 5 19 31 10 4 24 21 17 1 22 15 6 14 25 18 16 9 11 12 27 30 2 3 29 20 13 32 23 26 7 
NO
NO
NO
YES
10 14 5 13 6 2 1 12 11 4 9 7 3 8 
NO
NO
NO
YES
1 30 23 44 13 11 41 7 9 46 16 39 2 45 10 38 15 24 14 27 32 3 40 35 20 22 6 29 31 37 5 42 28 19 26 25 12 33 43 21 36 18 17 34 8 4 
YES
2 5 9 14 8 10 11 7 3 1 4 6 12 13 
YES
21 2 1 19 17 4 16 23 22 13 10 7 18 14 6 3 15 8 12 9 20 11 5 
NO
NO
NO
YES
2 3 1 
YES
20 16 18 8 2 19 12 5 14 7 22 13 15 9 17 6 11 21 23 4 10 1 3 
NO
NO
NO
YES
1 10 6 32 39 31 56 37 33 35 42 38 23 24 16 7 36 48 55 29 51 12 4 2 44 54 18 46 13 25 49 47 21 50 26 27 17 5 43 40 28 45 53 9 20 15 57 41 8 11 30 3 14 34 22 52 19 
YES
9 16 19 42 33 26 14 1 39 25 17 30 29 32 40 15 5 23 35 37 2 24 3 21 27 36 13 22 34 12 8 43 28 10 41 11 4 20 18 6 7 38 31 
YES
70 28 59 26 9 77 61 35 76 71 8 54 2 63 55 5 47 49 39 45 42 11 33 65 22 16 37 18 69 6 1 21 40 67 64 3 50 53 7 23 66 72 44 31 52 74 24 20 32 46 56 17 34 4 73 10 43 60 12 57 15 51 62 14 19 29 27 48 38 68 13 75 36 41 58 30 25 
YES
16 12 3 13 17 1 6 10 4 2 15 9 7 14 5 8 11 
YES
12 10 11 6 1 3 8 2 9 7 13 5 4 
YES
4 2 1 3 
YES
2 1 
NO
YES
43 34 11 39 21 23 51 32 24 7 31 26 6 3 57 19 37 59 53 29 44 36 46 52 10 45 8 5 58 56 27 55 18 42 20 49 33 38 17 47 30 50 13 48 15 16 4 12 14 28 25 54 41 9 2 40 35 22 1 
NO
YES
3 2 1 
NO
NO
YES
1 12 6 18 20 2 5 7 3 17 15 14 13 8 16 9 10 19 11 4 
YES
43 46 67 19 57 68 47 45 49 42 36 50 38 54 34 2 8 65 15 56 66 31 64 61 27 48 39 23 10 52 21 53 55 69 40 70 29 35 28 7 17 3 12 20 11 32 26 44 58 16 30 59 41 22 13 60 51 9 5 33 37 18 63 25 62 24 1 4 6 14 
NO
NO
YES
11 7 9 19 31 25 10 1 12 21 6 4 18 8 23 26 28 29 30 5 3 14 15 2 17 24 13 16 20 22 27 
NO
NO
NO
YES
5 8 13 2 12 6 4 11 3 7 14 1 9 10 
NO
YES
1 2 
YES
3 5 1 2 4 
NO
NO
NO
YES
5 1 28 27 23 14 17 24 2 22 3 16 26 21 18 13 25 30 19 10 29 15 9 7 4 12 11 8 6 20 
NO
YES
1 13 2 24 18 10 6 11 14 9 3 7 15 23 22 16 8 4 17 5 20 21 19 12 
YES
1 6 7 12 10 11 16 2 3 15 9 13 5 4 8 14 
NO
YES
20 3 18 11 4 14 9 7 5 13 17 6 8 15 12 1 16 19 2 10 
YES
3 7 1 6 5 4 2 
NO
NO
YES
8 42 25 52 51 40 4 21 37 46 50 7 23 38 3 17 20 35 32 44 22 27 43 36 10 41 31 14 15 45 9 47 11 5 34 18 19 54 13 53 26 49 48 2 1 30 29 16 39 24 6 28 12 33 
YES
4 3 1 5 2 
NO
NO
YES
1 
YES
2 4 1 3 
YES
16 17 14 20 6 2 19 7 1 21 4 12 10 15 8 18 9 13 23 24 22 11 25 3 5 
YES
8 3 17 1 21 6 7 13 15 20 4 2 14 19 16 10 5 18 11 12 9 
NO
NO
YES
9 7 5 6 2 1 3 4 8 
YES
13 2 14 5 4 6 11 1 9 18 16 10 12 8 19 17 3 7 15 
YES
11 6 18 20 8 2 3 13 5 12 16 1 22 10 7 17 14 9 4 19 15 21 
YES
2 3 7 6 4 5 1 
NO
YES
11 10 29 1 14 22 36 19 31 28 25 15 9 5 4 35 30 8 18 3 20 12 13 16 24 34 2 7 27 23 17 33 6 21 26 32 
NO
YES
8 10 7 1 2 12 9 14 3 6 11 5 13 4 
YES
5 9 19 13 12 8 23 22 11 1 7 6 10 20 16 2 25 24 4 14 3 26 18 17 21 15 
NO
NO
NO
YES
2 1 3 
NO
NO
NO
NO
YES
6 14 16 1 7 13 9 2 4 8 15 12 11 3 5 10 
YES
13 3 6 18 15 19 16 7 14 10 1 11 8 2 17 9 4 12 5 
YES
1 2 
NO
YES
10 6 9 3 11 4 5 7 8 1 2 
NO
YES
12 26 24 23 4 17 25 9 34 27 8 6 35 10 14 15 7 16 21 2 3 11 5 33 22 28 30 18 1 20 29 36 19 13 32 31 37 
NO
YES
4 1 2 3 5 
NO
NO
NO
NO
YES
4 1 3 2 
NO
YES
47 60 55 24 56 52 8 75 35 59 79 61 31 74 49 4 64 19 5 1 9 78 43 32 26 40 30 67 38 42 77 51 25 68 45 37 27 3 66 29 71 13 36 70 44 80 12 16 48 54 46 72 20 63 14 28 33 2 57 7 18 53 23 17 6 50 34 69 22 76 62 21 10 41 73 11 15 65 58 39 
YES
4 3 1 2 
YES
15 7 10 5 3 16 8 6 18 4 12 11 9 14 13 2 1 17 
YES
43 30 66 61 12 28 8 74 21 11 2 57 34 59 48 3 13 69 23 35 63 45 53 54 70 76 56 37 6 4 22 58 62 16 80 51 29 1 31 83 82 67 5 7 78 38 44 19 75 52 64 84 65 9 49 77 39 18 27 42 14 73 81 15 68 36 72 47 33 71 60 26 46 20 17 79 50 32 41 10 55 24 40 25 
YES
35 13 25 17 30 7 28 20 33 18 21 32 24 34 16 12 1 19 4 8 29 22 15 6 3 31 23 14 5 9 10 2 11 26 27 
YES
43 3 42 11 24 6 18 8 9 35 20 17 25 21 10 31 45 14 33 5 7 41 16 38 28 39 29 2 22 37 30 23 27 26 15 1 34 4 19 44 36 13 32 12 40 
YES
2 3 1 
YES
1 6 3 5 4 2 
YES
18 5 3 13 7 11 1 2 14 6 16 15 12 9 22 21 17 20 8 19 23 4 10 
YES
4 1 2 5 3 6 
YES
13 34 42 67 3 14 69 5 24 21 17 26 39 52 49 66 50 53 10 27 46 31 63 2 62 1 47 41 40 37 51 36 20 68 11 57 70 44 58 25 30 7 59 55 65 28 48 8 18 23 33 29 43 64 16 38 4 6 22 35 9 15 19 45 32 54 61 12 60 56 
NO
YES
2 4 1 3 
YES
18 30 14 17 2 29 24 27 31 32 13 4 7 21 36 10 26 28 3 16 19 35 20 15 9 12 37 5 33 25 1 23 22 11 34 38 6 8 
NO
YES
3 8 9 12 2 13 7 4 6 1 5 11 10 
YES
35 23 14 10 21 12 1 20 16 22 30 33 13 19 29 32 18 17 11 24 25 9 31 4 34 15 6 7 26 3 5 8 2 28 27 
YES
6 7 3 4 11 13 2 1 8 10 5 9 12 
YES
23 24 5 14 9 2 12 16 17 22 19 20 11 21 7 18 10 6 15 13 8 4 1 3 
NO
YES
2 1 
NO
YES
4 5 2 1 3 
NO
YES
10 7 4 17 13 1 6 18 9 5 3 19 2 16 8 15 11 14 20 12 
YES
13 7 11 3 1 10 2 6 5 12 8 9 4 
YES
1 
NO
YES
8 2 5 9 1 3 10 6 7 4 
YES
5 9 3 7 8 6 1 2 4 10 
YES
1 4 5 2 11 7 9 3 8 6 10 
NO
NO
YES
2 3 1 4 
NO
YES
10 7 13 24 20 14 17 16 3 5 2 23 26 4 21 9 8 18 6 25 15 12 11 19 1 22 
YES
9 8 5 4 3 7 2 10 1 6 
YES
6 8 7 9 2 3 1 4 5 
NO
YES
3 6 5 4 7 1 2 
YES
1 2 3 
YES
4 2 5 1 3 
NO
YES
20 10 12 15 13 11 6 23 4 1 19 2 25 17 3 5 14 21 22 9 18 7 24 8 16 
NO
YES
2 1 
NO
NO
NO
NO
NO
NO
YES
3 7 1 5 6 2 4 
NO
NO
NO
NO
YES
4 7 9 6 10 3 2 1 13 11 15 8 5 12 14 
NO
YES
49 51 32 11 14 19 29 10 48 36 22 3 59 50 33 21 56 42 45 31 54 7 23 43 39 15 47 35 1 5 8 41 40 57 27 26 30 16 6 44 28 34 17 4 24 18 25 2 9 55 58 53 37 52 38 12 20 13 46 
YES
31 8 1 9 14 20 15 5 17 19 24 11 2 10 13 27 22 4 18 26 23 16 6 7 12 28 25 29 3 21 30 
NO
YES
3 2 10 4 7 9 1 13 11 8 12 6 5 
YES
2 3 1 
YES
20 41 34 13 22 24 15 39 37 6 31 8 4 17 23 33 11 2 38 5 36 16 32 28 7 30 21 18 10 9 29 1 25 35 40 26 19 3 12 27 14 
YES
11 4 10 8 1 6 2 3 9 7 5 
NO
YES
18 16 17 13 5 7 6 3 21 19 8 14 9 1 22 20 12 10 11 2 15 4 
YES
13 4 14 12 10 18 11 16 6 8 7 9 5 3 17 1 15 2 
YES
17 15 3 19 16 10 14 6 5 8 20 11 1 4 12 13 18 9 2 7 
YES
5 10 6 3 7 9 1 2 4 8 
NO
YES
1 3 2 
YES
8 4 2 7 3 6 1 5 
NO
YES
81 21 69 1 11 12 84 73 33 56 68 64 32 77 6 57 26 55 27 8 41 30 65 79 18 29 22 43 10 71 13 60 16 45 47 15 72 76 42 52 67 9 31 86 3 74 50 35 82 36 46 24 44 85 25 54 34 70 23 40 63 51 28 37 58 38 83 20 61 66 5 48 39 78 80 53 2 62 17 59 19 7 4 49 75 14 
YES
7 9 3 5 2 10 4 1 6 11 8 
NO
NO
YES
3 28 17 39 4 44 61 14 42 21 23 30 68 66 36 26 13 6 8 47 40 49 54 52 43 18 60 48 34 58 67 19 12 65 27 35 9 57 62 50 15 69 41 55 56 45 71 22 32 37 64 51 72 63 38 53 24 10 29 25 33 11 20 2 16 5 31 7 46 1 59 70 
YES
27 22 23 10 15 26 11 9 18 1 6 12 19 20 16 24 5 21 8 4 14 3 25 13 7 17 2 
YES
3 2 1 5 4 
YES
2 62 49 24 11 10 51 3 23 41 42 31 21 32 29 19 20 43 34 57 63 28 22 1 5 8 18 52 59 15 36 58 37 30 6 61 48 40 4 9 7 17 16 26 60 12 14 50 44 39 47 27 13 46 38 54 25 45 56 55 33 35 53 
NO
NO
YES
12 23 35 17 6 30 15 14 22 33 7 8 4 29 36 20 19 24 26 38 37 5 18 25 2 11 31 32 1 28 34 21 13 16 10 27 9 3 
NO
NO
NO
NO
YES
2 1 3 5 4 
YES
2 14 28 1 30 4 5 32 27 7 11 20 33 34 22 23 6 15 17 12 25 19 13 8 18 29 9 31 24 26 21 10 3 16 
YES
1 
YES
3 1 2 
NO
YES
1 13 5 18 16 14 9 2 11 20 17 8 12 6 4 19 15 21 7 3 10 
YES
19 10 1 3 7 26 6 17 12 16 13 25 5 21 18 9 15 11 24 23 8 4 2 20 14 22 
NO
YES
21 3 6 20 1 15 16 34 5 13 30 31 7 19 17 33 32 14 8 4 36 2 35 27 22 18 10 9 28 25 12 29 37 24 26 23 11 
NO
YES
5 2 1 4 3 
NO
NO
YES
2 1 
YES
2 1 
NO
NO
NO
NO
YES
6 3 8 7 4 2 1 9 5 
YES
6 4 14 17 2 12 9 16 13 5 3 7 11 1 10 15 8 
YES
25 31 35 2 18 36 8 41 12 15 9 22 26 20 42 11 30 5 19 38 39 1 10 3 4 23 24 17 29 6 16 32 27 40 21 28 37 13 14 34 7 33 
NO
YES
18 7 25 27 23 4 22 16 11 19 26 28 15 21 6 13 24 8 9 12 1 14 20 10 5 3 17 2 
NO
YES
2 3 1 4 6 7 5 
NO
YES
47 6 64 45 26 59 7 50 65 53 39 41 24 46 27 19 28 20 33 32 34 66 37 16 1 56 35 17 13 31 25 44 49 11 38 3 29 52 14 43 42 63 9 18 40 10 30 58 60 23 4 15 61 54 62 12 21 2 57 5 51 55 8 48 36 22 
NO
YES
39 34 75 70 29 12 46 80 20 62 9 82 4 18 36 65 51 60 69 22 42 30 63 8 28 38 68 26 32 19 24 71 41 53 47 33 72 25 79 31 14 77 52 7 58 81 10 6 17 1 3 15 67 21 35 40 78 27 59 5 11 23 73 61 50 16 76 49 37 45 2 64 13 56 54 66 48 74 43 44 57 55 
YES
7 1 9 13 6 10 8 5 12 3 14 2 11 4 
YES
14 3 17 34 30 11 7 10 27 24 6 29 13 9 15 4 22 21 16 35 2 12 26 23 31 25 5 37 32 18 1 19 36 8 20 33 28 
NO
YES
16 6 3 2 8 4 10 1 11 9 15 14 5 13 7 12 
YES
34 1 42 40 25 20 10 33 16 32 22 17 15 8 43 2 39 19 36 3 11 31 29 30 4 5 26 38 6 23 41 7 21 14 18 27 28 9 37 24 12 35 44 13 
NO
YES
47 37 11 28 24 38 41 12 18 5 10 4 35 46 14 15 23 17 31 6 42 13 32 40 39 8 25 34 1 30 26 7 9 27 3 29 45 22 48 43 16 44 21 2 36 33 20 19 
NO
YES
21 24 15 11 16 23 20 3 4 8 10 12 7 25 6 18 22 26 14 2 5 17 19 13 9 1 
NO
NO
YES
4 2 1 3 5 
YES
1 
YES
6 3 7 1 2 4 5 
NO
YES
29 18 26 21 35 14 16 37 34 15 33 38 31 12 5 10 25 22 3 36 27 1 20 11 9 8 30 23 28 2 7 4 13 6 32 24 17 19 
NO
YES
6 32 35 29 44 62 61 67 2 40 51 34 21 60 57 33 36 15 63 65 43 38 8 56 22 37 12 16 39 48 25 20 19 58 41 7 47 30 3 24 14 49 53 46 1 11 27 18 10 28 55 26 50 66 54 9 13 23 42 68 64 5 52 4 59 45 17 31 
YES
8 11 30 50 23 4 31 24 20 42 16 7 32 37 29 39 41 46 33 17 25 48 2 49 26 21 40 38 15 45 9 35 22 19 10 47 44 18 34 14 13 3 27 28 1 6 5 12 36 43 
NO
NO
YES
1 9 4 25 10 15 21 31 16 18 22 2 14 11 3 28 5 26 24 29 12 8 32 7 13 6 27 20 30 23 19 17 
YES
13 3 11 15 7 8 1 2 10 16 14 6 5 9 4 12 
NO
YES
36 23 17 31 20 37 26 45 27 34 9 7 6 11 46 42 35 4 44 41 13 24 8 18 32 2 21 28 38 29 14 3 25 33 12 16 30 15 10 39 43 5 1 47 40 22 19 
YES
22 26 29 23 4 3 25 21 16 19 11 14 8 2 24 9 18 6 13 27 1 10 7 30 28 17 20 12 15 5 
YES
2 7 5 6 1 4 3 
YES
1 4 9 7 6 3 11 12 10 8 5 2 
NO
YES
7 2 6 3 4 5 1 
NO
NO
YES
7 26 23 33 15 5 4 14 28 3 16 31 21 27 18 9 2 25 8 32 24 29 20 17 12 30 13 19 6 10 1 11 22 
YES
2 1 4 3 
YES
1 3 12 2 8 10 4 15 13 6 9 11 7 14 5 
YES
1 
YES
49 59 91 44 48 76 29 78 5 30 69 41 55 70 45 90 11 13 24 35 87 47 65 67 77 2 6 18 36 72 39 27 23 54 57 66 28 42 53 10 46 88 60 9 79 93 25 71 40 14 31 37 64 94 22 21 85 82 63 81 33 12 83 51 4 38 75 68 86 84 61 80 3 17 89 62 92 56 58 73 7 43 26 34 20 32 15 74 16 19 1 8 50 52 
YES
21 1 2 13 19 14 18 11 5 6 17 16 20 10 12 4 7 9 15 24 8 23 22 3 
NO
NO
YES
48 31 47 26 43 38 17 29 5 18 23 36 39 32 1 9 34 27 42 49 10 3 25 14 4 46 19 7 40 11 51 35 45 44 37 33 16 22 41 15 21 28 24 8 13 2 20 50 6 30 12 
YES
2 9 3 12 4 6 13 15 8 10 14 1 5 11 7 16 
YES
36 24 19 23 8 41 28 15 39 32 3 12 2 6 5 38 16 42 4 18 25 45 44 37 13 30 47 17 1 20 31 22 40 10 29 11 48 35 34 7 14 46 26 43 33 9 27 21 
NO
YES
1 
NO
YES
1 
YES
2 3 4 1 
NO
NO
YES
5 9 1 3 4 7 2 6 8 
NO
NO
YES
1 
NO
YES
28 60 36 30 50 74 25 52 3 32 48 70 51 9 58 62 20 77 17 67 46 27 8 73 43 72 12 54 44 75 22 4 63 2 24 61 37 38 71 40 57 69 33 59 7 5 41 15 11 39 14 10 56 16 42 53 65 29 34 18 6 47 19 21 35 45 13 64 66 1 23 76 49 68 26 31 55 
YES
3 11 4 1 10 9 7 2 8 5 6 
YES
22 13 5 15 16 1 23 11 18 28 10 26 7 4 21 12 14 30 3 24 6 29 19 31 20 9 2 32 8 27 25 17 
YES
20 6 13 14 10 35 5 18 24 4 22 15 8 31 28 17 30 25 23 36 3 29 37 12 16 21 34 32 33 2 19 9 7 11 27 26 1 
YES
4 3 2 5 1 7 6 8 
YES
28 16 19 6 5 32 25 8 22 4 7 17 30 18 9 27 14 21 15 10 26 24 11 2 23 20 31 33 1 13 29 12 3 
NO
YES
1 2 3 
YES
2 1 
YES
1 
YES
2 1 
NO
NO
YES
17 21 12 5 2 19 9 11 18 10 4 8 3 20 6 1 7 14 16 15 13 
YES
1 2 
YES
63 33 12 8 31 47 32 1 49 13 45 35 38 34 59 68 70 65 18 28 41 17 37 66 24 53 5 55 27 10 29 61 3 69 56 16 67 75 44 21 54 25 58 40 11 7 26 76 20 6 39 74 15 46 52 57 51 2 30 22 73 4 50 43 42 64 48 62 23 14 72 19 60 9 36 71 
YES
2 4 1 3 
YES
10 3 2 13 12 1 8 9 6 5 7 4 11 
NO
YES
7 19 5 28 2 31 29 24 27 8 4 17 16 12 18 23 10 14 21 20 3 13 6 15 25 32 11 26 9 22 30 1 
YES
5 2 13 35 12 16 10 23 19 21 9 24 22 1 31 26 17 3 20 36 33 30 29 6 18 14 27 25 11 28 15 8 7 32 4 34 
YES
5 8 3 4 1 6 7 2 
YES
42 40 29 27 17 9 8 20 15 31 36 1 34 32 19 5 14 30 12 11 16 33 22 2 21 39 4 38 26 10 18 28 13 6 23 3 7 37 35 41 25 24 
NO
NO
YES
4 3 2 5 1 6 
YES
8 7 2 9 14 3 6 13 1 11 10 16 15 12 5 4 
YES
27 30 48 31 18 4 7 60 34 61 47 14 10 25 24 62 45 43 50 19 22 57 32 39 54 5 11 35 17 46 26 37 42 59 38 56 55 58 53 52 51 28 63 49 23 13 1 6 2 20 41 12 44 15 16 3 40 36 33 21 64 8 29 9 
NO
YES
4 7 9 5 1 3 2 6 10 8 
YES
10 2 7 9 6 3 8 4 5 1 11 
YES
27 9 28 14 12 21 8 7 26 33 22 13 5 3 16 29 11 23 10 1 24 15 17 20 35 25 6 2 30 31 34 32 4 19 18 
YES
35 37 17 7 5 11 20 25 16 29 9 19 36 15 18 23 1 8 12 6 41 31 38 4 24 14 21 22 33 39 42 3 26 40 32 13 28 27 34 2 30 10 
YES
6 7 14 15 3 4 1 10 9 2 5 11 16 12 17 8 13 
YES
57 67 58 49 26 39 38 63 35 43 53 22 23 72 70 37 54 55 46 11 65 56 21 10 24 13 68 30 34 15 59 41 14 66 29 71 3 8 2 12 50 33 47 25 45 73 44 19 42 18 36 48 16 51 9 40 27 69 6 5 31 52 28 7 64 4 62 32 61 1 60 20 17 
NO
YES
17 20 15 9 6 1 5 21 18 13 2 16 23 22 11 14 12 24 4 7 19 10 8 3 
NO
YES
11 13 36 27 15 24 18 7 43 41 44 3 31 1 35 9 46 16 33 23 45 21 22 4 39 8 5 6 17 47 42 2 26 12 20 32 19 30 37 38 14 25 40 34 10 28 29 
NO
YES
8 32 27 30 22 2 29 9 12 23 11 3 20 33 15 25 7 1 31 13 17 6 19 26 21 18 14 24 4 34 28 35 16 5 10 
YES
3 1 2 
YES
6 17 16 20 8 25 14 4 7 22 12 18 19 11 15 21 23 3 9 5 13 10 24 1 2 
YES
4 8 2 25 22 14 13 9 6 16 7 15 18 1 28 20 29 27 31 32 33 17 11 24 34 26 30 3 21 19 5 10 23 12 
YES
7 9 5 11 15 8 1 3 4 10 6 14 2 12 13 
YES
7 1 9 11 14 5 10 4 13 12 3 2 15 6 8 
YES
11 35 7 39 30 25 4 20 22 2 19 10 5 1 3 16 31 36 14 27 6 29 26 21 34 13 17 15 33 23 9 37 18 32 38 12 8 28 24 
YES
2 5 14 47 21 12 28 6 41 45 27 13 11 16 30 15 39 36 42 43 17 44 23 26 50 49 10 20 37 24 40 22 19 29 25 34 7 48 46 35 18 1 4 9 32 31 3 38 8 33 
YES
4 44 28 33 17 8 36 12 43 47 45 18 24 1 13 46 9 31 40 7 32 39 27 6 34 25 23 16 26 15 29 2 10 14 19 35 3 20 22 41 21 42 5 37 11 30 38 
NO
NO
NO
NO
YES
52 3 50 44 66 18 12 22 26 57 1 84 39 9 71 78 58 68 23 30 67 69 21 65 19 31 32 80 63 49 60 62 36 56 54 13 45 73 75 48 27 38 33 82 72 70 74 83 40 37 46 61 28 14 79 53 6 8 24 2 15 25 55 34 42 17 7 59 47 64 35 5 20 76 4 16 81 43 29 11 10 41 51 77 
YES
16 12 35 10 34 55 40 21 24 28 39 37 27 9 53 30 54 50 26 56 15 48 45 17 14 47 36 11 13 33 20 52 8 23 19 43 5 4 25 51 18 44 46 32 38 7 1 31 29 22 41 2 42 49 3 6 
NO
NO
YES
10 4 6 9 8 1 3 2 11 7 5 12 
YES
1 3 6 2 5 4 
YES
15 39 16 8 9 17 2 25 37 28 42 32 22 5 27 41 26 20 10 3 30 24 38 19 33 12 23 29 43 6 1 18 14 11 4 31 7 36 21 35 40 34 13 
YES
2 4 6 1 3 5 
YES
9 4 15 11 5 14 12 3 7 2 13 6 10 1 8 
YES
5 1 6 3 7 9 4 8 2 
NO
YES
10 9 3 11 1 2 6 4 5 7 8 
NO
NO
NO
YES
36 9 1 24 35 3 22 26 23 27 5 15 29 31 19 38 21 10 2 25 4 16 18 14 34 8 32 37 20 13 33 11 12 17 30 7 6 28 
YES
4 8 1 12 23 17 11 6 22 14 7 24 21 15 5 13 20 25 19 3 16 2 9 10 18 26 
NO
YES
23 20 6 12 8 17 3 18 19 4 1 7 15 22 10 14 5 24 13 11 2 9 21 16 
NO
YES
10 15 48 31 21 33 25 28 17 5 22 3 39 18 52 41 12 20 4 1 13 7 35 29 6 36 23 49 27 45 42 24 50 51 2 30 8 32 37 46 11 40 19 9 47 16 26 44 14 34 38 43 
YES
3 1 2 4 
NO
NO
NO
NO
YES
5 22 26 13 27 2 20 16 3 1 25 6 17 4 23 8 18 15 11 14 24 19 9 28 7 21 12 10 
NO
NO
YES
7 14 81 4 10 75 79 49 61 74 5 58 24 68 51 26 70 13 2 62 32 71 17 20 72 66 77 25 38 9 48 12 43 50 3 34 16 33 56 73 37 76 45 60 1 19 42 80 55 29 78 53 47 21 39 36 28 67 82 83 31 18 44 6 30 23 27 8 59 41 65 35 15 64 63 85 54 57 22 46 11 52 40 84 69 
NO
YES
7 10 9 2 8 5 14 12 11 1 18 15 3 4 6 17 13 16 
NO
YES
61 26 30 69 8 77 35 52 62 50 32 68 51 72 29 11 21 13 54 23 17 57 20 27 75 39 28 3 43 1 59 60 5 47 74 37 40 36 19 7 45 34 38 76 4 56 9 78 55 63 12 31 16 58 25 71 24 2 14 41 33 65 44 70 15 22 67 66 73 46 10 53 18 64 48 49 42 6 
YES
13 10 1 8 15 16 11 5 2 3 17 7 14 12 6 4 9 
YES
3 2 1 
YES
16 18 31 42 41 32 30 12 14 23 4 36 28 8 39 24 33 5 7 21 9 38 37 15 17 40 27 25 34 22 29 35 13 2 19 20 11 6 43 1 3 26 10 
YES
24 9 7 13 6 23 18 20 22 4 19 14 15 11 16 8 12 1 3 17 5 2 21 10 
YES
3 11 13 5 15 1 6 4 14 10 2 7 8 16 12 9 
YES
11 6 12 9 7 1 14 13 10 8 16 5 15 4 2 3 17 
YES
22 12 6 20 15 26 2 18 14 29 10 28 11 3 9 8 21 25 17 23 7 24 13 16 4 1 19 5 27 
YES
12 15 9 3 7 4 6 8 13 11 2 1 5 10 14 
NO
NO
YES
19 18 25 8 13 1 2 26 21 20 16 11 24 9 3 15 5 12 7 27 4 17 6 10 14 22 23 
YES
22 4 8 21 20 19 9 15 14 12 1 18 17 10 16 3 2 13 7 6 23 5 11 
NO
NO
YES
8 2 3 6 7 4 1 5 
NO
NO
YES
15 41 35 9 12 43 37 25 39 31 27 44 3 32 5 33 42 23 36 7 10 21 6 38 24 16 34 18 19 14 22 29 40 2 30 26 11 13 20 28 1 17 8 4 
NO
NO
YES
10 11 4 5 2 7 8 1 3 9 12 6 
NO
YES
4 9 28 7 58 21 56 61 59 42 20 37 52 11 19 26 55 40 15 57 63 48 53 60 38 41 34 31 62 47 10 50 45 1 30 27 36 16 25 22 49 46 23 2 32 39 51 54 8 24 5 44 12 18 29 43 35 3 33 13 17 6 14 
YES
5 3 2 1 4 
YES
1 5 3 4 2 
YES
35 32 7 19 1 26 36 6 38 20 15 2 21 11 37 17 16 30 31 14 29 39 34 5 28 13 33 23 9 25 27 10 8 4 18 22 3 24 12 
YES
9 14 19 18 4 22 28 6 21 13 5 15 23 3 8 25 1 11 20 27 2 10 26 17 29 12 16 24 7 
NO
YES
2 4 9 6 1 8 3 7 5 
YES
3 4 9 5 6 8 10 7 2 1 
YES
8 35 43 12 38 41 1 26 14 5 10 39 23 50 33 42 48 17 44 18 20 30 28 21 37 19 25 45 7 51 3 15 16 31 34 9 27 47 29 4 46 24 32 13 2 52 22 49 36 40 11 6 
YES
5 7 6 9 8 3 1 2 4 
NO
YES
3 10 17 13 8 7 6 18 16 19 15 12 5 1 2 9 11 14 4 
NO
NO
YES
32 4 17 1 20 25 30 31 16 28 24 6 23 18 19 22 29 2 27 9 33 14 8 5 13 11 12 26 3 7 15 10 21 
NO
NO
YES
11 28 30 10 25 9 20 6 31 2 32 15 21 14 18 1 24 26 29 13 5 23 34 33 16 12 4 3 17 22 8 27 19 7 
NO
YES
1 16 14 12 11 18 8 6 4 2 15 19 9 7 5 13 10 3 17 
YES
1 2 78 56 34 73 48 13 8 14 7 65 57 26 21 30 35 75 66 81 25 12 28 38 36 67 27 53 69 50 84 77 61 20 42 32 41 85 46 71 82 4 39 33 29 10 18 9 72 17 52 16 87 60 54 45 11 22 3 23 74 47 5 79 37 44 58 76 64 55 19 86 70 6 68 31 24 59 83 80 51 62 40 63 49 43 15 
NO
NO
NO
NO
NO
NO
NO
NO
YES
30 45 21 9 43 38 8 40 4 27 15 5 6 28 18 33 53 19 23 24 44 13 52 49 1 37 42 17 16 11 50 20 31 14 41 39 10 25 36 51 54 7 26 47 22 35 34 2 32 55 29 48 46 12 3 
YES
13 6 7 2 3 11 12 10 4 5 9 1 8 
YES
33 29 37 39 11 48 32 26 40 12 21 44 50 24 45 7 14 25 2 43 5 28 6 46 15 35 13 4 47 10 27 22 34 38 18 3 1 20 31 8 41 23 17 42 9 30 36 49 19 16 
YES
7 12 6 1 2 3 4 8 13 5 9 11 10 
YES
1 32 17 18 30 12 2 23 41 39 11 25 29 37 35 16 40 15 38 4 10 5 49 43 45 14 48 51 22 46 7 44 42 24 19 52 50 31 27 9 26 34 33 20 36 13 47 28 8 3 6 21 
NO
YES
2 1 
NO
NO
NO
YES
4 19 38 32 29 42 37 7 41 62 36 54 59 33 46 67 39 5 44 13 15 8 6 51 40 72 2 66 53 14 69 26 70 1 30 21 17 71 22 60 24 10 63 11 50 65 18 57 48 47 55 49 28 35 16 68 27 45 25 52 9 61 43 31 12 58 64 23 20 56 3 34 
YES
5 10 48 38 21 49 8 29 28 4 18 43 7 35 34 40 54 11 39 50 17 51 44 20 16 25 41 55 19 12 13 33 27 37 46 9 6 57 36 14 32 3 47 53 15 1 2 52 22 56 26 24 42 45 23 30 31 
YES
2 16 7 12 9 11 13 14 5 6 1 15 4 3 10 8 
YES
8 5 15 9 26 10 22 1 14 13 27 2 28 11 25 24 3 29 4 18 23 19 21 6 16 17 12 7 20 
NO
NO
YES
5 10 15 6 12 18 11 17 7 4 9 8 19 16 20 14 13 2 1 3 
YES
9 6 8 13 10 5 14 2 11 16 15 7 4 12 17 3 1 18 
YES
5 31 4 20 15 29 11 32 7 30 16 36 41 33 21 1 38 3 8 17 13 39 37 28 25 22 12 40 19 6 2 23 35 10 9 34 14 18 26 24 27 
NO
YES
8 15 20 22 11 25 5 24 14 13 17 9 1 16 18 3 21 4 12 6 7 10 2 27 19 23 26 
NO
NO
YES
6 4 7 8 2 3 9 5 1 
NO
NO
NO
YES
1 
NO
NO
NO
NO
YES
29 7 35 41 44 16 22 3 43 40 51 6 19 39 13 23 46 28 33 25 1 12 47 8 9 26 4 38 27 2 20 15 5 21 45 34 36 31 30 49 24 50 18 42 48 37 14 32 10 17 11 
NO
NO
YES
13 40 47 14 54 17 19 20 66 3 37 57 2 52 21 1 53 28 55 38 29 4 63 10 11 65 41 15 42 5 50 56 9 23 6 25 35 39 64 45 36 51 68 32 59 60 33 49 61 8 26 12 62 48 16 58 30 7 67 34 22 27 43 44 31 24 46 18 
YES
11 6 5 10 2 18 14 19 3 21 1 9 4 7 15 20 16 17 8 12 13 
YES
1 2 
YES
1 
NO
YES
1 3 2 
YES
1 
YES
12 57 55 72 43 75 24 70 2 76 28 67 20 37 23 62 30 63 6 47 7 54 69 34 33 32 18 48 17 16 4 66 84 8 40 44 59 13 65 85 14 10 41 78 26 1 52 77 79 31 39 50 86 22 61 56 15 49 9 64 42 45 60 58 81 25 74 3 27 83 35 53 21 71 19 80 82 73 11 87 68 46 38 29 36 51 5 
YES
1 
YES
62 71 44 36 64 10 50 16 68 55 72 66 22 73 20 67 48 24 41 43 23 70 30 21 52 51 53 54 49 8 32 39 26 4 12 11 5 40 17 15 7 46 9 28 18 37 6 45 35 27 76 34 59 19 56 74 57 75 13 60 63 69 2 14 1 29 33 25 42 61 31 38 3 65 47 58 
NO
NO