1000 32 54
90 32
13 18
47 57
56 27
39 48
95 51
84 95
2 72
72 36
49 99
40 32
49 11
13 46
58 11
67 98
30 85
4 58
62 49
69 80
88 96
72 65
44 76
11 100
74 4
45 41
29 90
66 30
30 98
39 62
29 32
3 62
100 21
9 66
87 75
87 93
24 13
15 48
98 69
8 74
70 44
33 28
45 47
35 87
48 58
83 29
26 28
41 82
57 96
76 99
66 60
59 57
1 3
32 44
95 85
39 55
56 46
78 59
85 34
40 37
52 66
68 83
26 11
46 40
22 20
84 78
56 95
90 74
38 37
51 100
71 68
85 68
46 34
55 34
41 74
63 31
42 86
2 89
62 97
52 13
34 71
90 39
65 63
64 45
4 41
97 33
31 36
25 39
41 97
31 8
24 75
37 24
12 87
62 16
46 17
62 12
45 3
31 100
95 80
96 8
99 96
95 50
52 1
88 73
96 89
71 7
25 20
77 44
89 56
42 28
86 29
65 82
73 39
91 3
51 8
58 7
97 29
13 37
41 56
58 92
22 49
54 92
39 64
14 98
58 6
51 58
56 43
3 55
34 3
26 94
5 3
9 34
13 67
21 59
49 34
86 32
95 81
35 67
26 31
67 74
19 21
56 12
68 92
69 18
99 19
27 8
18 18
16 66
86 37
30 29
91 6
57 40
33 29
97 51
36 33
99 99
67 46
34 38
64 59
74 47
35 29
11 41
66 51
7 73
85 78
70 61
71 75
45 80
52 71
41 77
2 81
3 65
13 28
60 37
37 57
84 43
91 70
18 73
16 40
39 57
34 71
50 10
27 44
14 93
49 99
2 15
84 81
21 67
71 19
24 62
43 74
16 60
71 38
88 94
87 27
36 53
21 1
39 10
85 48
19 37
19 50
12 10
26 76
25 72
6 18
9 85
90 73
38 98
87 39
99 25
55 26
12 85
19 21
49 95
9 87
63 15
47 43
66 98
10 49
81 99
2 16
14 48
25 100
95 53
31 91
88 60
45 71
48 63
8 8
84 24
34 17
57 4
26 90
47 44
35 69
63 1
60 18
48 44
70 18
52 100
64 49
23 39
32 22
44 32
39 70
23 98
16 23
60 100
79 60
58 31
9 13
52 81
72 38
77 51
65 50
36 7
86 84
69 4
41 18
85 35
53 84
10 69
85 89
4 98
87 21
2 19
9 19
48 67
54 93
68 79
70 12
73 22
53 2
27 57
82 39
28 15
72 51
25 81
11 60
35 12
88 74
52 46
76 93
4 7
46 65
13 14
59 10
15 62
95 15
54 81
39 88
3 74
57 98
98 89
56 13
54 5
67 70
31 85
5 63
48 50
85 33
88 43
4 2
57 29
6 4
1 65
64 93
6 88
17 68
2 28
76 43
13 7
22 95
81 58
97 34
48 37
32 1
49 31
61 85
28 86
19 82
20 51
7 5
17 36
74 59
46 30
38 96
8 87
79 50
67 37
53 76
34 91
29 77
45 2
30 1
63 92
36 58
4 12
74 83
98 83
22 60
52 58
98 1
13 51
95 7
26 91
60 39
97 4
8 64
48 31
7 77
13 96
85 23
97 95
5 69
77 98
62 56
32 83
54 57
61 83
8 21
85 34
4 45
22 100
9 5
84 41
55 45
98 29
42 93
72 70
42 45
74 19
65 70
50 100
71 66
30 35
56 83
35 94
27 31
13 48
55 73
81 67
39 19
97 22
38 62
56 48
45 31
75 89
10 57
72 7
75 28
93 56
30 55
51 62
100 60
24 52
1 49
79 24
75 75
86 9
73 66
41 60
39 22
15 80
4 76
89 67
51 76
87 19
1 57
77 94
23 61
66 30
80 62
85 61
73 30
36 12
54 49
36 73
17 55
34 16
37 85
5 92
14 91
88 43
36 34
89 80
47 62
24 32
19 92
95 15
3 34
86 22
27 47
7 3
54 64
67 58
3 4
36 62
97 42
36 13
78 66
11 28
71 13
43 36
21 45
45 38
65 62
96 49
8 1
27 27
90 6
89 53
26 34
28 13
51 9
13 83
48 91
3 7
95 6
33 28
33 21
31 78
34 52
18 29
77 58
9 9
7 81
52 61
8 91
89 92
73 4
9 92
71 95
4 72
27 58
41 8
41 43
64 84
41 44
1 29
31 53
58 86
40 45
87 97
6 98
53 7
68 9
89 36
38 86
79 68
76 72
27 18
93 32
11 26
50 1
50 82
29 11
59 46
96 71
88 12
24 71
59 37
57 42
63 37
65 72
90 81
99 59
2 92
50 59
94 52
56 62
51 97
83 61
34 7
28 13
40 60
52 37
25 86
99 55
87 48
92 67
6 48
88 49
42 14
30 77
46 63
5 28
32 68
95 49
78 82
88 18
32 78
69 35
11 84
28 32
29 11
79 42
69 5
93 91
26 3
17 55
70 69
99 89
40 39
56 1
92 94
53 91
96 21
67 3
9 70
5 42
35 17
96 61
35 89
70 49
23 4
65 99
53 60
14 53
13 98
53 40
26 52
15 12
51 86
4 17
53 48
7 85
89 7
30 59
5 92
62 58
3 62
71 95
5 56
21 42
66 4
25 38
73 87
23 80
68 37
82 59
4 13
74 16
86 94
47 20
17 50
68 98
54 38
11 31
83 56
44 93
77 95
4 21
75 48
39 99
43 79
59 34
26 74
57 67
52 76
29 63
12 61
96 8
89 24
85 81
12 4
60 47
69 58
30 95
22 78
72 8
70 30
71 39
19 11
25 30
67 6
100 57
34 87
33 48
13 95
25 86
5 91
95 44
12 9
48 92
22 11
23 37
76 60
9 29
42 80
81 53
70 18
65 33
35 97
63 64
75 91
67 53
1 39
53 17
75 26
66 28
84 4
17 2
98 72
66 73
89 78
22 31
58 42
57 53
87 42
41 48
67 17
35 53
90 49
53 38
19 76
100 70
8 94
41 91
34 51
82 66
10 93
60 31
78 43
10 7
78 30
94 8
78 6
93 76
31 79
37 45
49 82
18 41
72 24
98 62
87 78
3 80
67 17
95 42
13 35
99 56
32 64
34 90
61 36
98 21
33 73
51 34
11 6
54 15
16 29
14 3
90 90
22 49
74 96
57 9
29 91
93 16
39 98
67 82
34 8
44 54
12 43
2 28
83 90
11 88
24 53
21 64
17 50
4 78
85 40
33 51
94 65
100 27
28 10
24 45
68 67
20 58
34 2
7 12
87 80
55 46
92 73
58 35
5 99
4 28
81 50
30 20
20 32
41 11
39 55
75 96
97 64
34 36
100 97
49 88
24 77
17 76
5 8
23 99
79 5
45 66
43 4
20 68
50 72
84 59
19 59
84 58
18 71
26 3
23 99
78 75
27 35
63 21
86 29
77 30
49 55
29 1
7 10
66 47
19 70
78 52
36 36
47 35
48 67
36 53
34 84
76 13
48 94
25 17
3 6
47 80
57 86
58 10
51 70
98 6
56 46
6 44
75 42
71 2
31 18
83 5
17 59
26 31
18 65
98 82
44 46
26 56
56 63
82 75
52 32
48 77
73 63
8 19
91 88
21 23
18 55
30 60
10 24
88 35
90 88
90 68
83 64
61 58
96 38
38 56
95 37
38 7
73 98
2 96
68 87
79 6
56 38
15 14
39 95
46 17
2 93
31 96
81 55
10 83
56 43
27 14
57 69
95 54
32 84
5 74
10 56
33 4
81 97
70 59
68 69
5 42
67 71
41 42
69 92
1 87
9 63
69 73
58 61
81 32
35 24
11 53
48 12
83 69
9 17
28 1
18 38
67 11
24 8
47 17
81 14
36 66
69 18
12 6
21 93
27 29
93 45
10 33
100 37
50 90
100 55
86 49
49 30
31 75
58 60
51 85
78 75
100 59
79 27
59 45
84 80
72 50
95 94
41 25
99 16
77 78
14 47
25 42
56 68
16 18
28 59
84 4
43 38
39 67
50 3
85 39
41 82
86 68
97 38
21 67
20 91
48 86
12 69
81 44
55 7
99 4
59 31
87 18
14 43
60 14
14 65
19 63
85 36
48 59
62 66
69 60
78 87
28 71
11 4
49 92
25 86
22 60
58 45
82 72
17 65
30 49
15 46
8 79
87 14
16 82
48 70
27 54
46 3
97 5
77 47
2 28
54 23
77 69
65 75
10 69
56 22
46 35
73 8
49 88
32 91
74 87
13 74
74 74
73 20
52 22
91 4
72 76
16 32
59 75
44 36
34 51
66 22
16 29
50 46
39 79
86 87
65 15
38 37
20 41
77 49
5 98
78 94
77 27
96 83
68 46
94 88
2 75
75 98
17 16
26 79
66 56
41 51
42 80
22 36
8 33
38 90
98 72
2 24
90 97
1 26
82 20
87 75
22 82
74 2
43 60
27 90
52 29
80 55
44 29
73 54
68 61
30 19
19 91
30 34
58 30
16 26
91 27
48 97
45 68
99 4
8 35
91 49
22 95
4 14
25 60
50 15
1 23
