57572
722721
285122
369852
210493
9694
84989
104044
560920
50098
398527
981869
529729
49247
6364
69264
714248
4810
474340
762570
1320049
335479
15355
37814
327524
127576
314093
1221
764975
104895
265956
7733
696784
602915
684759
428534
224627
687830
14245
283124
110704
89133
488696
2516
16724
145817
31783
657749
435120
819550
123987
568838
74962
644577
47397
200133
6919
666518
370814
142006
754356
304547
394198
336404
101380
873829
795611
306878
69116
578014
449550
512154
159877
67155
188996
79624
897435
86987
112887
938320
477152
25863
108780
257298
478040
1195729
155955
182225
14541
340992
672401
71558
750508
217264
188441
52133
13838
110926
1085580
81067
534132
121101
93943
570762
69375
280608
1213008
155030
478299
448921
400932
128279
30895
407444
130203
80142
308913
252821
150627
838753
1239352
398860
95497
331927
329929
426906
291893
54057
805490
568875
32079
244570
697709
557553
29563
840492
18315
202464
7326
376919
59829
151552
421171
870869
8621
743071
566692
25678
278499
758574
1264697
490731
144189
209901
1332
125541
616161
173197
681096
199911
173234
1142782
37407
204314
534465
57387
352906
49432
121101
935693
141192
6031
998704
16650
716061
483516
545824
37888
125393
132756
628778
282902
88171
1012986
204314
73963
72705
350945
323824
403892
392607
211788
633366
51467
613571
21793
701409
128982
318644
47989
638657
568135
215451
725237
237873
407962
322899
69227
366781
211899
435268
790653
269508
356865
374403
754060
89466
44178
441151
82066
1187922
31043
155437
59126
198542
306693
317238
274799
860583
432345
328449
186850
924815
686387
48248
1113182
28009
327302
20424
264069
172383
60051
81844
1179264
369667
109002
95941
397158
477670
62234
541199
137418
132201
578569
961260
854996
120583
1008176
156103
220261
50838
17871
154993
53428
263921
535871
21571
312243
1295
1131608
225404
1035223
407518
318570
75480
541162
158878
110963
914381
240611
158582
6549
515706
261109
796869
161875
359455
537462
101491
237725
462241
220076
32264
1005290
900136
891774
147704
45954
1266251
106634
74259
141340
417878
451141
408887
171273
106708
346653
350464
344359
693158
631072
220631
613830
859547
235727
1332
199985
64861
74444
501276
48026
260184
171125
222777
291116
149258
799829
769748
554297
629925
375846
67636
99456
935989
1134457
17945
1248602
231879
124616
6586
42920
65046
688570
685573
558256
264624
581344
503237
369112
434121
449698
436600
105228
196803
125467
740296
20461
310615
135161
1074147
481666
401672
634254
950160
537240
760831
94535
114737
517667
399711
598438
594553
555333
210530
873496
845006
1103451
430347
889443
513967
373071
664557
155289
254412
309209
396677
160765
633292
765567
3626
1061900
287823
27565
31931
4292
383320
253672
285788
86358
588337
90724
13098
395826
178303
362119
405594
17649
4958
428719
121027
321604
376031
129056
1031893
64491
90058
641136
104488
522625
54908
305028
557183
943019
136419
301402
567025
124653
154734
150701
30414
128871
136567
24901
131239
469789
20461
6734
121804
13986
578828
53502
5328
406704
236134
671180
607540
151182
167166
748732
148777
16798
38887
1088170
65268
52614
794945
81844
445406
565064
1079253
270581
1057016
49580
506567
207644
105524
1105967
101898
13320
1097642
189588
446183
71817
299552
27232
1009915
264106
113035
163947
220224
42624
870203
179783
221963
114367
618788
979686
112924
288933
214600
73667
107892
464868
661782
1112479
711991
551522
7437
547637
