1000 37
495 467 229 9 432 246 153 121 366 357 430 239 278 251 263 478 96 400 91 125 204 217 300 361 285 216 176 464 319 364 351 403 407 500 314 162 169 239 327 236 385 494 367 234 43 129 79 420 381 193 40 469 326 491 459 347 34 75 215 29 226 1 479 145 319 400 311 498 108 313 410 21 142 332 105 353 57 11 175 493 376 17 497 446 357 221 82 467 160 478 223 477 369 235 452 38 380 209 119 405 462 44 23 374 92 390 131 256 453 3 53 393 267 444 144 394 146 6 36 249 14 331 463 355 456 226 63 199 298 207 65 193 87 460 23 213 208 189 461 30 451 150 201 499 69 439 343 60 60 323 156 301 458 285 151 78 230 207 392 233 483 52 139 228 19 344 101 447 282 382 169 224 85 268 348 287 481 44 219 362 197 188 270 287 139 125 350 231 170 137 46 363 255 150 149 387 205 289 341 206 411 268 208 124 446 355 378 283 275 402 275 404 6 466 346 24 433 388 476 435 286 366 288 295 441 250 455 454 32 403 54 269 305 240 173 396 280 365 472 97 73 238 24 383 171 47 361 315 500 373 164 77 316 37 289 13 417 244 404 259 189 233 78 38 148 276 86 307 331 449 101 496 144 296 496 15 337 379 469 459 416 126 31 330 191 210 481 123 452 360 306 385 128 365 253 450 28 103 68 92 122 184 482 246 114 384 328 133 395 124 202 322 190 200 398 118 36 402 80 55 165 453 372 438 338 371 322 145 384 420 227 227 324 288 488 428 358 362 352 349 41 431 348 244 140 273 286 417 56 100 130 272 248 261 3 291 416 215 71 351 445 352 143 198 492 440 135 7 58 112 339 299 195 152 485 306 53 427 412 350 137 33 284 325 277 406 302 218 177 427 69 236 392 474 12 32 381 442 367 264 163 434 480 318 88 62 132 112 301 14 294 224 235 458 410 176 399 83 241 111 349 120 106 486 180 371 328 10 127 333 409 74 465 212 245 394 418 263 171 489 435 240 297 156 252 483 152 67 309 344 391 134 214 209 94 255 434 82 72 317 455 290 313 167 161 41 477 50 88 470 274 439 181 21 181 462 259 166 155 376 249 457 27 155 332 444 45 260 225 279 194 177 443 123 390 433 281 315 203 422 356 110 293 115 327 20 382 61 86 195 491 76 489 87 180 277 302 307 91 375 270 443 395 186 383 426 154 370 418 59 495 175 122 135 90 265 437 318 46 220 342 191 364 26 59 408 130 179 261 220 11 360 298 296 131 454 237 127 49 463 292 254 378 490 157 107 354 158 170 262 269 202 218 194 468 479 214 380 493 294 373 329 166 2 487 245 262 108 120 292 222 264 480 19 314 330 133 397 311 205 303 457 81 336 329 25 153 225 253 396 5 4 437 210 56 113 52 320 163 61 370 359 212 27 487 172 39 320 372 115 192 379 174 110 160 174 488 389 375 83 494 96 412 77 401 196 441 35 2 345 43 149 398 63 12 51 109 409 199 374 232 73 93 406 305 414 321 99 192 408 66 29 187 424 359 415 303 28 310 9 247 429 25 413 221 339 377 323 273 497 159 353 186 71 102 386 72 422 95 1 51 341 393 22 90 312 436 271 68 34 498 252 338 415 188 257 172 424 200 377 281 230 447 223 401 312 389 35 134 47 242 15 10 62 295 165 475 265 22 346 256 183 317 321 85 100 219 274 432 182 232 282 471 154 279 136 473 368 492 342 222 84 254 183 80 161 185 98 234 13 126 436 429 347 203 237 158 473 304 136 421 81 304 391 310 4 103 482 26 107 94 211 198 55 343 79 423 250 229 57 168 30 325 74 397 58 267 8 132 336 471 388 89 425 300 213 334 468 206 104 114 140 217 39 407 449 334 472 99 75 168 369 67 283 421 141 399 309 243 138 335 242 143 470 266 142 187 173 33 97 204 162 428 8 211 159 102 490 184 290 340 113 448 474 18 40 466 442 70 299 251 316 324 17 440 70 65 64 499 190 405 98 66 93 460 363 278 111 266 411 146 337 426 7 484 118 413 216 16 116 48 42 121 484 104 178 37 20 5 16 247 241 297 260 76 151 358 450 456 464 49 178 356 248 445 272 465 451 419 179 182 117 201 308 54 354 128 228 284 50 387 231 197 148 42 106 167 280 258 308 84 45 368 476 185 485 109 258 333 291 475 105 326 419 243 238 138 486 147 386 423 448 461 147 196 425 271 48 293 119 430 64 141 117 95 157 116 335 164 340 431 276 438 89 414 31 345 257 18 129 
1000
1 137
2 901 941
1 952
2 263 757
1 673
2 668 878
1 133
2 679 951
1 778
2 615 767
1 404
2 991 998
1 174
2 554 611
1 547
2 165 242
1 787
2 486 881
1 196
2 696 734
1 864
2 515 797
1 724
2 301 988
1 778
2 328 681
1 582
2 932 967
1 486
2 890 894
1 216
2 552 599
1 151
2 247 735
1 525
2 993 996
1 479
2 441 768
1 574
2 55 590
1 595
2 32 975
1 125
2 605 846
1 708
2 175 185
1 925
2 724 751
1 53
2 531 762
1 505
2 835 929
1 148
2 311 517
1 898
2 997 997
1 356
2 205 732
1 788
2 839 916
1 500
2 736 931
1 347
2 889 894
1 771
2 194 669
1 798
2 356 768
1 181
2 121 596
1 786
2 476 773
1 931
2 590 749
1 794
2 145 619
1 888
2 933 942
1 998
2 574 776
1 166
2 467 538
1 769
2 733 798
1 733
2 508 854
1 4
2 926 927
1 642
2 246 258
1 808
2 183 290
1 942
2 876 900
1 967
2 189 637
1 393
2 128 436
1 939
2 295 860
1 758
2 688 781
1 801
2 71 475
1 281
2 883 937
1 699
2 300 738
1 255
2 179 212
1 635
2 119 269
1 903
2 983 987
1 147
2 419 885
1 28
2 482 737
1 242
2 748 850
1 105
2 67 595
1 3
2 625 846
1 188
2 618 906
1 869
2 580 820
1 987
2 852 927
1 210
2 383 998
1 41
2 159 708
1 211
2 712 937
1 591
2 714 765
1 127
2 549 965
1 420
2 626 953
1 748
2 588 957
1 400
2 738 853
1 192
2 911 958
1 58
2 658 797
1 988
2 793 849
1 115
2 107 733
1 195
2 925 989
1 153
2 872 953
1 541
2 336 994
1 748
2 511 849
1 283
2 959 979
1 13
2 659 739
1 872
2 296 467
1 324
2 211 536
1 47
2 34 884
1 412
2 837 950
1 54
2 43 182
1 351
2 959 970
1 94
2 473 703
1 131
2 474 948
1 301
2 311 359
1 144
2 448 979
1 915
2 680 840
1 834
2 53 195
1 654
2 943 982
1 375
2 473 481
1 76
2 777 856
1 993
2 98 861
1 319
2 798 855
1 365
2 492 868
1 652
2 690 781
1 966
2 896 963
1 313
2 355 743
1 356
2 742 792
1 843
2 536 732
1 762
2 2 867
1 590
2 845 958
1 633
2 83 424
1 135
2 270 569
1 984
2 645 938
1 530
2 186 281
1 998
2 971 994
1 970
2 483 765
1 199
2 804 900
1 89
2 827 886
1 64
2 752 979
1 182
2 594 774
1 873
2 368 466
1 986
2 352 936
1 653
2 27 910
1 391
2 352 615
1 779
2 733 802
1 495
2 707 950
1 561
2 638 879
1 516
2 455 748
1 229
2 666 881
1 950
2 952 994
1 995
2 304 859
1 290
2 525 932
1 46
2 659 680
1 119
2 776 953
1 564
2 456 947
1 157
2 53 452
1 14
2 930 949
1 250
2 398 990
1 219
2 980 993
1 737
2 796 943
1 12
2 967 972
1 407
2 396 646
1 121
2 813 855
1 805
2 837 947
1 870
2 1 318
1 912
2 193 798
1 162
2 847 852
1 253
2 54 575
1 706
2 547 953
1 649
2 980 999
1 971
2 300 485
1 780
2 6 545
1 578
2 35 935
1 885
2 508 855
1 439
2 859 965
1 606
2 249 393
1 275
2 888 888
1 39
2 851 943
1 921
2 362 784
1 254
2 791 917
1 572
2 153 621
1 179
2 838 986
1 466
2 426 539
1 253
2 101 908
1 979
2 552 577
1 252
2 576 719
1 476
2 344 702
1 314
2 782 822
1 91
2 360 593
1 265
2 9 48
1 872
2 361 440
1 386
2 93 747
1 482
2 570 665
1 950
2 992 996
1 668
2 245 942
1 648
2 421 431
1 822
2 310 801
1 275
2 377 700
1 418
2 550 942
1 211
2 898 924
1 896
2 840 932
1 387
2 869 966
1 580
2 373 804
1 622
2 559 760
1 433
2 771 834
1 21
2 210 919
1 63
2 827 978
1 239
2 867 921
1 612
2 826 879
1 61
2 14 281
1 987
2 426 641
1 901
2 540 826
1 938
2 570 850
1 211
2 797 950
1 562
2 412 851
1 690
2 957 997
1 869
2 371 791
1 221
2 981 997
1 391
2 186 664
1 77
2 881 976
1 191
2 463 675
1 178
2 533 564
1 519
2 430 876
1 363
2 326 708
1 597
2 463 605
1 396
2 400 907
1 589
2 629 802
1 586
2 360 629
1 241
2 608 840
1 526
2 33 87
1 540
2 301 543
1 834
2 810 965
1 803
2 475 776
1 654
2 116 662
1 486
2 445 622
1 842
2 333 568
1 160
2 669 944
1 211
2 367 890
1 687
2 386 444
1 69
2 960 994
1 369
2 394 688
1 79
2 910 969
1 134
2 105 943
1 985
2 54 77
1 157
2 571 676
1 717
2 899 940
1 940
2 338 469
1 359
2 506 718
1 842
2 625 855
1 859
2 546 739
1 918
2 135 734
1 117
2 575 886
1 46
2 543 775
1 85
2 712 848
1 336
2 250 893
1 158
2 154 625
1 866
2 944 980
1 862
2 128 913
1 361
2 898 917
1 611
2 515 744
1 193
2 880 895
1 283
2 748 941
1 459
2 745 870
1 30
2 607 647
1 269
2 873 933
1 758
2 155 989
1 966
2 644 915
1 589
2 232 310
1 946
2 801 870
1 563
2 482 756
1 451
2 523 862
1 331
2 925 970
1 3
2 230 596
1 902
2 832 933
1 588
2 307 395
1 710
2 225 616
1 918
2 136 809
1 627
2 388 989
1 263
2 872 959
1 332
2 15 728
1 424
2 758 871
1 977
2 815 977
1 55
2 943 981
1 36
2 959 973
1 249
2 737 849
1 936
2 88 126
1 333
2 598 787
1 43
2 398 765
1 598
2 708 724
1 998
2 266 476
1 499
2 985 985
1 107
2 127 925
1 657
2 827 994
1 170
2 84 811
1 730
2 376 645
1 801
2 670 906
1 644
2 77 132
1 632
2 535 922
1 313
2 764 879
1 551
2 532 606
1 731
2 292 927
1 595
2 807 984
1 698
2 673 791
1 851
2 987 991
1 890
2 530 899
1 278
2 774 964
1 32
2 3 568
1 650
2 814 932
1 457
2 564 820
1 387
2 289 647
1 421
2 102 178
1 954
2 351 505
1 30
2 587 920
1 543
2 750 911
1 639
2 99 121
1 576
2 20 730
1 277
2 261 885
1 99
2 213 832
1 844
2 611 715
1 504
2 936 969
1 797
2 80 978
1 106
2 876 952
1 822
2 801 853
1 95
2 708 812
1 382
2 465 752
1 45
2 543 864
1 904
2 689 992
1 775
2 111 238
1 694
2 411 481
1 140
2 707 961
1 294
2 237 476
1 905
2 700 952
1 568
2 430 916
1 2
2 226 653
1 263
2 110 275
1 287
2 60 494
1 579
2 134 732
1 430
2 430 586
1 330
2 983 983
1 403
2 379 507
1 262
2 939 987
1 580
2 898 949
1 802
2 432 778
1 887
2 715 750
1 731
2 731 921
1 427
2 650 775
1 174
2 833 998
1 555
2 592 800
1 952
2 822 931
1 372
2 394 952
1 228
2 320 850
1 943
2 352 727
1 197
2 288 713
1 981
2 129 398
1 358
2 901 947
1 587
2 670 744
1 559
2 100 754
1 746
2 101 902
1 370
2 921 933
1 345
2 31 919
1 749
2 542 701
1 118
2 656 747
1 717
2 982 986
1 665
2 245 277
1 954
2 567 610
1 626
2 299 769
1 917
2 327 797
1 41
2 369 748
1 493
2 567 754
1 741
2 176 573
1 471
2 166 511
1 92
2 229 481
1 801
2 650 968
1 22
2 624 951
1 567
2 258 549
1 950
2 431 499
1 336
2 248 384
1 443
2 527 611
1 337
2 327 836
1 887
2 930 943
1 209
2 393 598
1 199
2 822 921
1 398
2 130 886
1 674
2 113 453
1 394
2 156 438
1 31
2 72 516
1 113
2 240 903
1 2
2 319 677
1 76
2 363 891
1 953
2 486 546
1 26
2 168 253
1 968
2 379 729
1 772
2 224 496
1 84
2 437 853
1 991
2 413 824
1 489
2 436 821
1 638
2 709 863
1 575
2 177 783
1 889
2 289 872
1 773
2 166 941
1 31
2 188 485
1 632
2 192 810
1 981
2 421 775
1 499
2 51 327
1 632
2 516 995
1 340
2 849 963
1 616
2 265 436
1 350
2 768 996
1 489
2 656 946
1 508
2 759 875
1 605
2 403 841
1 943
2 249 775
1 13
2 995 997
1 740
2 203 947
1 856
2 206 407
1 586
2 579 597
1 108
2 1 26
1 849
2 510 512
1 274
2 182 448
1 32
2 810 998
1 426
2 4 222
1 371
2 565 622
1 780
2 294 687
1 439
2 755 820
1 79
2 984 993
1 584
2 674 966
1 369
2 564 685
1 312
2 28 300
1 39
2 427 700
1 497
2 646 657
1 532
2 990 993
1 769
2 479 776
1 825
2 667 757
1 358
2 755 992
1 69
2 544 811
1 528
2 901 996
1 589
2 208 931
1 964
2 891 937
1 473
2 910 976
1 488
2 233 666
1 614
2 912 989
1 34
2 274 621
1 285
2 525 561
1 518
2 761 985
1 246
2 212 591
1 251
2 133 793
1 183
2 619 716
1 964
2 580 795
1 59
2 216 601
1 839
2 489 570
1 228
2 659 773
1 829
2 861 973
1 941
2 952 976
1 291
2 405 489
1 214
2 402 491
1 951
2 942 959
1 505
2 467 551
1 390
2 544 880
1 15
2 935 948
1 562
2 982 986
1 64
2 542 623
1 53
2 986 996
1 621
2 256 644
1 532
2 925 963
1 744
2 988 991
1 308
2 122 411
1 544
2 707 881
1 113
2 46 518
1 682
2 415 836
1 463
2 871 983
1 936
2 208 328
1 198
2 357 875
1 331
2 130 241
1 753
2 958 971
1 52
2 168 195
1 837
2 128 894
1 476
2 802 848
1 77
2 896 933
1 701
2 61 615
1 230
2 674 735
1 878
2 475 784
1 972
2 550 956
1 459
2 34 797
1 560
2 453 631
1 676
2 207 947
1 675
2 479 508
1 502
2 567 932
1 191
2 786 937
1 429
2 507 578
1 867
2 131 910
1 391
2 517 586
1 242
2 940 948
1 879
2 25 802
1 705
2 832 972
1 195
2 89 407
1 189
2 643 692
1 367
2 666 887
1 316
2 775 794
1 741
2 218 924
1 375
2 761 952
1 817
2 528 604
1 316
2 810 930
1 37
2 793 952
1 971
2 964 996
1 539
2 362 971
1 750
2 811 942
1 593
2 755 917
1 548
2 876 959
1 807
2 302 720
1 594
2 231 914
1 234
2 407 481
1 980
2 186 389
1 823
2 656 813
1 607
2 779 831
1 97
2 823 903
1 479
2 510 839
1 232
2 46 511
1 812
2 172 951
1 511
2 229 714
1 183
2 433 815
1 410
2 40 45
1 418
2 235 604
