5000
1 108
1 991
1 567
1 119
1 31
1 840
1 226
1 751
1 107
1 290
1 305
1 646
1 885
1 808
1 720
1 923
1 927
1 33
1 600
1 55
1 821
1 735
1 814
1 169
1 396
1 281
1 899
1 12
1 939
1 270
1 972
1 83
1 38
1 664
1 936
1 44
1 152
1 412
1 643
1 517
1 631
1 524
1 512
1 592
1 828
1 918
1 939
1 810
1 273
1 575
1 773
1 356
1 633
1 485
1 975
1 718
1 874
1 953
1 453
1 986
1 797
1 43
1 24
1 426
1 432
1 479
1 591
1 205
1 131
1 421
1 155
1 493
1 584
1 846
1 135
1 231
1 210
1 170
1 639
1 785
1 404
1 883
1 501
1 299
1 54
1 136
1 354
1 388
1 504
1 418
1 740
1 718
1 341
1 998
1 951
1 996
1 926
1 494
1 27
1 142
1 780
1 796
1 185
1 46
1 648
1 953
1 486
1 382
1 273
1 508
1 905
1 915
1 517
1 208
1 714
1 465
1 484
1 861
1 173
1 608
1 331
1 783
1 295
1 29
1 675
1 793
1 401
1 61
1 332
1 809
1 145
1 345
1 919
1 852
1 362
1 430
1 489
1 330
1 146
1 810
1 473
1 462
1 506
1 149
1 996
1 176
1 487
1 114
1 218
1 65
1 322
1 505
1 498
1 99
1 298
1 374
1 433
1 804
1 206
1 498
1 130
1 53
1 84
1 836
1 601
1 841
1 240
1 478
1 494
1 35
1 26
1 7
1 570
1 812
1 739
1 925
1 415
1 887
1 198
1 191
1 132
1 877
1 690
1 419
1 589
1 199
1 760
1 216
1 865
1 683
1 279
1 430
1 176
1 848
1 385
1 99
1 431
1 885
1 282
1 699
1 458
1 497
1 983
1 481
1 298
1 94
1 35
1 228
1 266
1 65
1 992
1 633
1 154
1 772
1 148
1 973
1 658
1 890
1 698
1 766
1 530
1 277
1 76
1 812
1 373
1 880
1 572
1 858
1 591
1 817
1 802
1 155
1 778
1 557
1 901
1 296
1 283
1 798
1 610
1 334
1 303
1 430
1 303
1 846
1 420
1 20
1 268
1 96
1 115
1 559
1 723
1 441
1 867
1 971
1 27
1 827
1 44
1 787
1 695
1 310
1 483
1 137
1 620
1 736
1 272
1 431
1 324
1 176
1 355
1 156
1 929
1 154
1 350
1 411
1 341
1 482
1 819
1 24
1 324
1 613
1 197
1 496
1 759
1 759
1 805
1 929
1 847
1 302
1 467
1 243
1 995
1 221
1 566
1 984
1 698
1 69
1 964
1 617
1 800
1 552
1 492
1 49
1 292
1 615
1 712
1 89
1 746
1 782
1 808
1 677
1 926
1 179
1 27
1 903
1 212
1 966
1 328
1 888
1 867
1 430
1 471
1 51
1 659
1 595
1 56
1 692
1 447
1 594
1 65
1 593
1 660
1 283
1 277
1 90
1 767
1 206
1 768
1 767
1 657
1 824
1 203
1 562
1 262
1 455
1 324
1 384
1 35
1 171
1 997
1 603
1 773
1 22
1 768
1 633
1 906
1 260
1 904
1 598
1 782
1 323
1 977
1 426
1 876
1 27
1 71
1 352
1 774
1 371
1 812
1 83
1 267
1 914
1 346
1 258
1 739
1 755
1 591
1 861
1 575
1 744
1 780
1 979
1 223
1 331
1 656
1 769
1 858
1 324
1 225
1 175
1 111
1 107
1 336
1 361
1 59
1 901
1 558
1 663
1 101
1 451
1 484
1 697
1 427
1 879
1 434
1 21
1 213
1 656
1 731
1 404
1 612
1 986
1 940
1 692
1 650
1 894
1 659
1 891
1 923
1 910
1 690
1 460
1 282
1 559
1 536
1 731
1 172
1 934
1 960
1 28
1 344
1 904
1 833
1 942
1 281
1 34
1 11
1 145
1 615
1 688
1 837
1 372
1 523
1 369
1 199
1 10
1 33
1 977
1 747
1 495
1 415
1 332
1 860
1 985
1 452
1 33
1 572
1 364
1 23
1 138
1 519
1 780
1 346
1 714
1 100
1 606
1 964
1 398
1 862
1 638
1 434
1 405
1 192
1 641
1 942
1 135
1 474
1 180
1 513
1 354
1 573
1 474
1 939
1 892
1 352
1 628
1 400
1 794
1 734
1 754
1 202
1 729
1 692
1 171
1 754
1 78
1 967
1 787
1 653
1 802
1 626
1 297
1 291
1 619
1 174
1 876
1 181
1 441
1 462
1 442
1 600
1 705
1 874
1 337
1 983
1 95
1 114
1 553
1 198
1 1000
1 964
1 17
1 142
1 638
1 607
1 42
1 336
1 831
1 197
1 325
1 399
1 374
1 693
1 511
1 119
1 158
1 707
1 927
1 847
1 720
1 339
1 790
1 54
1 84
1 611
1 857
1 928
1 406
1 645
1 973
1 436
1 640
1 172
1 797
1 273
1 224
1 985
1 623
1 90
1 808
1 5
1 843
1 473
1 940
1 185
1 443
1 482
1 999
1 691
1 689
1 644
1 338
1 532
1 465
1 92
1 122
1 540
1 724
1 36
1 788
1 336
1 118
1 115
1 706
1 1000
1 720
1 843
1 745
1 913
1 144
1 723
1 729
1 148
1 365
1 527
1 917
1 794
1 218
1 310
1 962
1 224
1 103
1 971
1 708
1 746
1 597
1 354
1 345
1 991
1 730
1 832
1 92
1 190
1 733
1 547
1 410
1 315
1 262
1 192
1 40
1 4
1 929
1 911
1 464
1 900
1 903
1 890
1 658
1 207
1 953
1 665
1 174
1 413
1 927
1 323
1 884
1 97
1 928
1 510
1 327
1 913
1 236
1 167
1 676
1 565
1 687
1 144
1 459
1 7
1 184
1 951
1 453
1 381
1 400
1 476
1 74
1 784
1 952
1 668
1 731
1 424
1 227
1 768
1 809
1 215
1 538
1 848
1 22
1 359
1 242
1 367
1 491
1 327
1 43
1 121
1 38
1 50
1 523
1 730
1 203
1 742
1 757
1 78
1 9
1 437
1 345
1 837
1 617
1 360
1 352
1 316
1 21
1 757
1 507
1 550
1 898
1 786
1 114
1 149
1 213
1 947
1 16
1 451
1 147
1 779
1 580
1 773
1 891
1 46
1 197
1 801
1 103
1 598
1 474
1 822
1 351
1 806
1 916
1 581
1 400
1 342
1 665
1 324
1 119
1 721
1 500
1 302
1 175
1 665
1 703
1 172
1 19
1 576
1 401
1 442
1 794
1 840
1 264
1 831
1 978
1 268
1 103
1 82
1 97
1 225
1 628
1 623
1 954
1 396
1 552
1 907
1 206
1 806
1 475
1 915
1 754
1 235
1 57
1 427
1 195
1 256
1 647
1 202
1 589
1 41
1 489
1 663
1 814
1 314
1 326
1 12
1 638
1 268
1 103
1 117
1 362
1 296
1 592
1 423
1 55
1 374
1 333
1 940
1 785
1 464
1 617
1 805
1 42
1 340
1 68
1 908
1 638
1 184
1 735
1 66
1 561
1 802
1 774
1 762
1 952
1 704
1 438
1 819
1 564
1 84
1 506
1 670
1 279
1 866
1 731
1 672
1 716
1 470
1 852
1 24
1 745
1 397
1 653
1 770
1 690
1 132
1 464
1 451
1 313
1 133
1 13
1 489
1 722
1 832
1 712
1 891
1 317
1 514
1 289
1 418
1 174
1 662
1 391
1 274
1 436
1 768
1 129
1 58
1 373
1 295
1 527
1 861
1 188
1 66
1 459
1 611
1 561
1 411
1 192
1 276
1 174
1 944
1 519
1 520
1 83
1 946
1 11
1 234
1 761
1 220
1 962
1 34
1 629
1 923
1 246
1 499
1 304
1 211
1 139
1 619
1 142
1 20
1 123
1 643
1 857
1 438
1 151
1 931
1 762
1 922
1 804
1 936
1 301
1 733
1 612
1 526
1 369
1 75
1 166
1 411
1 931
1 886
1 823
1 579
1 526
1 612
1 878
1 516
1 704
1 949
1 552
1 517
1 58
1 883
1 830
1 599
1 538
1 687
1 941
1 10
1 743
1 828
1 143
1 979
1 991
1 506
1 931
1 802
1 423
1 810
1 884
1 394
1 839
1 959
1 182
1 371
1 118
1 317
1 717
1 961
1 187
1 414
1 366
1 866
1 278
1 374
1 385
1 937
1 48
1 746
1 933
1 26
1 264
1 281
1 481
1 682
1 999
1 938
1 695
1 899
1 564
1 389
1 735
1 585
1 555
1 825
1 867
1 939
1 236
1 568
1 411
1 495
1 256
1 270
1 57
1 910
1 75
1 226
1 381
1 203
1 704
1 752
1 141
1 660
1 23
1 194
1 677
1 984
1 903
1 525
1 227
1 418
1 918
1 775
1 128
1 270
1 236
1 926
1 984
1 87
1 158
1 977
1 292
1 222
1 5
2 457
3 11536
2 190
3 19095
2 719
3 55410
2 40
3 7878
2 613
3 1509
2 129
3 31113
2 192
3 18761
2 860
3 50291
2 208
3 82447
2 471
3 30418
2 678
3 53483
2 769
3 9736
2 421
3 93635
2 253
3 4106
2 39
3 24079
2 755
3 50711
2 314
3 58932
2 41
3 14147
2 43
3 17675
2 420
3 54816
2 142
3 56485
2 437
3 72202
2 729
3 18911
2 670
3 18033
2 728
3 19259
2 85
3 41459
2 644
3 97139
2 171
3 12854
2 608
3 39836
2 31
3 75559
2 58
3 98301
2 270
3 81872
2 282
3 59471
2 212
3 77196
2 54
3 47000
2 226
3 98451
2 76
3 94387
2 762
3 66777
2 808
3 53759
2 541
3 93136
2 639
3 61476
2 75
3 46621
2 329
3 21711
2 107
3 65669
2 402
3 30424
2 803
3 92617
2 397
3 79035
2 567
3 58483
2 681
3 97841
2 125
3 47122
2 892
3 97941
2 449
3 29277
2 337
3 16697
2 495
3 85248
2 16
3 50149
2 400
3 1509
2 250
3 1430
2 821
3 24002
2 695
3 36301
2 511
3 67599
2 476
3 82378
2 594
3 97417
2 398
3 99457
2 618
3 42329
2 478
3 27840
2 550
3 65741
2 133
3 43992
2 971
3 83965
2 812
3 77026
2 368
3 4900
2 990
3 13262
2 499
3 55318
2 766
3 76476
2 873
3 97502
2 920
3 9430
2 73
3 94646
2 436
3 77927
2 876
3 85968
2 315
3 39831
2 51
3 4546
2 138
3 65515
2 404
3 72495
2 111
3 10802
2 52
3 72520
2 652
3 19442
2 715
3 59797
2 770
3 17293
2 923
3 62993
2 964
3 86145
2 20
3 36944
2 401
3 74012
2 101
3 51520
2 37
3 18642
2 455
3 31007
2 839
3 28924
2 448
3 68476
2 827
3 26388
2 426
3 81876
2 493
3 91565
2 25
3 19984
2 944
3 6769
2 55
3 54155
2 603
3 37826
2 223
3 75476
2 50
3 69711
2 878
3 50293
2 778
3 26154
2 847
3 48871
2 249
3 8330
2 410
3 38127
2 752
3 55714
2 816
3 62454
2 233
3 64985
2 292
3 92308
2 35
3 62695
2 946
3 76539
2 918
3 51198
2 596
3 80953
2 279
3 34660
2 45
3 37280
2 103
3 53882
2 872
3 68419
2 746
3 16429
2 666
3 44209
2 999
3 90840
2 252
3 67033
2 760
3 6163
2 972
3 40865
2 737
3 61950
2 49
3 21556
2 156
3 89069
2 361
3 8404
2 751
3 29177
2 66
3 53910
2 771
3 65298
2 717
3 50805
2 227
3 19274
2 65
3 64133
2 68
3 57092
2 120
3 1831
2 428
3 14953
2 525
3 34414
2 207
3 35126
2 775
3 39130
2 527
3 88748
2 522
3 48416
2 711
3 57352
2 316
3 16708
2 883
3 28263
2 505
3 99630
2 510
3 9168
2 116
3 88613
2 996
3 21832
2 258
3 65511
2 89
3 91967
2 610
3 21860
2 712
3 73167
2 523
3 32178
2 979
3 52313
2 933
3 62907
2 392
3 61627
2 115
3 46390
2 583
3 90439
2 113
3 43768
2 595
3 35161
2 521
3 73711
2 714
3 30356
2 611
3 1660
2 283
3 42872
2 219
3 77686
2 61
3 93086
2 797
3 6831
2 785
3 3465
2 178
3 14217
2 961
3 34767
2 241
3 68134
2 353
3 2812
2 638
3 35013
2 187
3 43568
2 306
3 65637
2 702
3 16593
2 338
3 86032
2 643
3 40395
2 604
3 89346
2 332
3 48894
2 112
3 94199
2 704
3 65183
2 162
3 89186
2 963
3 60333
2 147
3 61594
2 815
3 82844
2 181
3 60125
2 269
3 80025
2 288
3 67601
2 907
3 78184
2 110
3 67324
2 150
3 14989
2 29
3 86894
2 684
3 47125
2 813
3 3085
2 992
3 32864
2 635
3 38471
2 209
3 85713
2 405
3 7506
2 364
3 4557
2 758
3 57906
2 515
3 2609
2 427
3 57321
2 680
3 13002
2 691
3 83652
2 870
3 77167
2 365
3 473
2 411
3 78163
2 573
3 38817
2 820
3 47433
2 524
3 48699
2 555
3 41688
2 975
3 33155
2 549
3 20983
2 663
3 23645
2 777
3 45833
2 784
3 36396
2 318
3 94219
2 348
3 22523
2 798
3 30837
2 982
3 38887
2 650
3 29055
2 534
3 94733
2 263
3 48601
2 438
3 38592
2 1
3 85621
2 172
3 31277
2 885
3 58202
2 193
3 96922
2 195
3 28351
2 787
3 43491
2 569
3 73626
2 542
3 9649
2 826
3 87407
2 599
3 34570
2 440
3 48970
2 632
3 95411
2 175
3 71615
2 301
3 52629
2 452
3 29399
2 898
3 43734
2 582
3 24332
2 801
3 1437
2 105
3 67445
2 904
3 50348
2 631
3 50659
2 87
3 88573
2 507
3 80747
2 244
3 21001
2 234
3 86742
2 727
3 76762
2 257
3 87948
2 987
3 81657
2 736
3 47712
2 565
3 52882
2 658
3 41659
2 480
3 41594
2 742
3 53913
2 291
3 8754
2 822
3 54718
2 104
3 34918
2 848
3 27851
2 935
3 63384
2 459
3 7115
2 286
3 97726
2 230
3 8178
2 931
3 53339
2 118
3 32489
2 319
3 51602
2 894
3 27561
2 697
3 38084
2 558
3 56947
2 735
3 17818
2 783
3 28805
2 311
3 36149
2 795
3 3842
2 536
3 1628
2 296
3 30867
2 855
3 41863
2 140
3 69757
2 28
3 90596
2 917
3 60059
2 275
3 44047
2 491
3 39709
2 854
3 2151
2 668
3 60605
2 793
3 40146
2 331
3 12050
2 13
3 22874
2 81
3 87304
2 422
3 69505
2 439
3 74511
2 251
3 81712
2 850
3 6809
2 921
3 58525
2 928
3 23445
2 148
3 21887
2 412
3 81772
2 642
3 83654
2 255
3 71895
2 201
3 54306
2 407
3 40099
2 441
3 10645
2 764
3 54438
2 669
3 50813
2 988
3 67183
2 460
3 77590
2 324
3 81885
2 745
3 17125
2 707
3 60936
2 60
3 23575
2 844
3 73434
2 490
3 47587
2 929
3 15582
2 409
3 67913
2 108
3 22549
2 191
3 72457
2 574
3 96377
2 2
3 30312
2 713
3 69773
2 297
3 2546
2 952
3 43694
2 913
3 90424
2 268
3 2156
2 119
3 23984
2 303
3 68752
2 277
3 75618
2 284
3 30088
2 853
3 69917
2 86
3 26365
2 224
3 30139
2 216
3 8722
2 940
3 70115
2 432
3 86505
2 95
3 43866
2 114
3 84745
2 70
3 14878
2 461
3 65561
2 682
3 15196
2 266
3 70056
2 592
3 49336
2 646
3 10291
2 243
3 15621
2 305
3 83474
2 995
3 41268
2 229
3 3771
2 619
3 35693
2 482
3 72257
2 984
3 77765
2 831
3 47583
2 520
3 71294
2 910
3 95840
2 298
3 56597
2 621
3 48772
2 723
3 63344
2 302
3 909
2 937
3 26603
2 472
3 70886
2 916
3 5482
2 563
3 45699
2 179
3 72357
2 593
3 83761
2 880
3 66936
2 290
3 88531
2 664
3 32356
2 340
3 12649
2 896
3 77068
2 285
3 847
2 189
3 90014
2 9
3 33274
2 484
3 76393
2 819
3 7445
2 336
3 5349
2 901
3 80182
2 483
3 73211
2 281
3 21490
2 468
3 38695
2 927
3 4088
2 919
3 15226
2 657
3 18920
2 475
3 50658
2 754
3 76969
2 259
3 1949
2 433
3 13417
2 464
3 50209
2 568
3 72141
2 887
3 5544
2 154
3 92188
2 626
3 75899
2 232
3 73853
2 287
3 43120
2 799
3 93744
2 222
3 22736
2 176
3 60577
2 768
3 26246
2 945
3 12804
2 414
3 61807
2 794
3 32271
2 509
3 65491
2 790
3 4984
2 767
3 26027
2 840
3 60122
2 486
3 26652
2 160
3 92191
2 91
3 51497
2 959
3 994
2 810
3 77295
2 545
3 54058
2 481
3 24692
2 467
3 44904
2 672
3 61599
2 969
3 83003
2 132
3 80937
2 264
3 942
2 46
3 53485
2 597
3 25133
2 564
3 2242
2 385
3 4643
2 874
3 82563
2 453
3 57151
2 357
3 44152
2 168
3 91368
2 953
3 47065
2 911
3 67972
2 408
3 2593
2 756
3 71325
2 846
3 59120
2 444
3 9888
2 395
3 4047
2 893
3 59489
2 117
3 92789
2 326
3 98858
2 600
3 56424
2 382
3 47284
2 38
3 86397
2 466
3 45302
2 406
3 2380
2 922
3 8357
2 869
3 74148
2 740
3 29091
2 629
3 97127
2 78
3 61421
2 696
3 92680
2 676
3 44411
2 720
3 54297
2 912
3 58705
2 343
3 26059
2 535
3 56103
2 63
3 83450
2 235
3 31131
2 586
3 76811
2 983
3 71575
2 248
3 36159
2 77
3 41166
2 144
3 33226
2 137
3 30523
2 968
3 91055
2 634
3 93933
2 909
3 92015
2 492
3 85738
2 607
3 56401
2 97
3 10984
2 530
3 38963
2 330
3 96786
2 308
3 41903
2 985
3 34721
2 11
3 23432
2 905
3 90126
2 958
3 63363
2 647
3 37283
2 748
3 9563
2 90
3 44289
2 687
3 81780
2 374
3 6093
2 750
3 26634
2 71
3 39508
2 456
3 33757
2 380
3 30782
2 731
3 4269
2 180
3 26425
2 300
3 5203
2 122
3 21894
2 674
3 47968
2 906
3 55790
2 431
3 45214
2 734
3 8490
2 294
3 77830
2 763
3 90033
2 126
3 95538
2 370
3 61663
2 236
3 41001
2 605
3 52674
2 543
3 70938
2 372
3 38867
2 351
3 32419
1 181
3 18801
1 536
3 63278
1 300
3 91600
1 268
3 70853
1 466
3 69547
1 494
3 28373
1 625
3 88204
1 535
3 97174
1 520
3 19717
1 407
3 66714
1 559
3 5822
1 191
3 42915
1 20
3 94702
1 554
3 43183
1 440
3 97191
1 818
3 57215
1 847
3 14651
1 433
3 18321
1 21
3 8018
1 313
3 35021
1 6
3 22505
1 951
3 44559
1 515
3 67884
1 589
3 98786
1 322
3 47563
1 100
3 57299
1 158
3 22580
1 865
3 81552
1 706
3 17100
1 33
3 62256
1 189
3 17853
1 245
3 4580
1 274
3 37813
1 916
3 55913
1 964
3 17391
1 465
3 22266
1 263
3 21555
1 916
3 64207
1 353
3 93268
1 883
3 80537
1 60
3 83663
1 322
3 76334
1 622
3 59248
1 49
3 90233
1 148
3 46524
1 135
3 66765
1 5
3 56087
1 747
3 9601
1 92
3 95251
1 285
3 68886
1 432
3 95044
1 518
3 14790
1 698
3 55104
1 488
3 39529
1 471
3 31378
1 388
3 60425
1 661
3 37860
1 423
3 21958
1 929
3 83043
1 267
3 5663
1 393
3 71590
1 228
3 47253
1 502
3 53846
1 631
3 71986
1 509
3 54407
1 744
3 73001
1 44
3 8762
1 445
3 16773
1 785
3 90560
1 498
3 39362
1 363
3 30895
1 299
3 65927
1 847
3 13630
1 699
3 13971
1 872
3 43466
1 775
3 21509
1 10
3 75232
1 682
3 29085
1 843
3 36759
1 914
3 13432
1 863
3 19945
1 8
3 24296
1 517
3 42638
1 871
3 96622
1 449
3 731
1 130
3 27345
1 281
3 15283
1 900
3 10169
1 677
3 89643
1 890
3 1293
1 663
3 37827
1 446
3 58042
1 174
3 4855
1 707
3 28221
1 779
3 98731
1 87
3 14719
1 139
3 8778
1 213
3 12507
1 741
3 19582
1 242
3 36172
1 424
3 46923
1 756
3 934
1 531
3 255
1 962
3 43902
1 400
3 41735
1 142
3 49260
1 957
3 40476
1 286
3 77902
1 976
3 99643
1 526
3 75256
1 9
3 91314
1 384
3 38248
1 721
3 75285
1 244
3 85565
1 947
3 58225
1 78
3 96735
1 294
3 76903
1 301
3 93612
1 293
3 13899
1 585
3 46532
1 930
3 68369
1 728
3 95839
1 122
3 75609
1 615
3 46267
1 84
3 47615
1 438
3 71099
1 368
3 96799
1 570
3 7778
1 654
3 19245
1 636
3 8760
1 394
3 8933
1 942
3 58773
1 851
3 95167
1 586
3 15240
1 928
3 57952
1 507
3 12854
1 711
3 94946
1 705
3 36668
1 915
3 31895
1 161
3 33119
1 210
3 9611
1 706
3 23374
1 390
3 58474
1 118
3 92340
1 397
3 97174
1 524
3 65974
1 636
3 63465
1 782
3 20826
1 697
3 47756
1 320
3 86782
1 96
3 94834
1 583
3 6484
1 343
3 24844
1 559
3 83762
1 518
3 78655
1 372
3 17552
1 666
3 44061
1 707
3 3352
1 33
3 94346
1 41
3 49825
1 533
3 58075
1 96
3 18517
1 10
3 10286
1 190
3 45685
1 151
3 17206
1 457
3 71970
1 463
3 74878
1 673
3 81337
1 302
3 88592
1 317
3 25069
1 184
3 54575
1 364
3 24095
1 268
3 77060
1 448
3 43512
1 683
3 61660
1 975
3 85147
1 601
3 43379
1 382
3 58262
1 773
3 39327
1 408
3 40248
1 48
3 5022
1 836
3 52805
1 456
3 49363
1 313
3 1455
1 786
3 42424
1 485
3 15745
1 778
3 91787
1 973
3 33317
1 885
3 36918
1 813
3 54317
1 501
3 25549
1 83
3 94934
1 658
3 78089
1 937
3 30398
1 119
3 62171
1 457
3 9698
1 468
3 88124
1 329
3 4695
1 215
3 82220
1 515
3 64770
1 654
3 6355
1 187
3 31600
1 600
3 51657
1 952
3 98387
1 934
3 79515
1 202
3 1475
1 10
3 72036
1 827
3 57731
1 53
3 4360
1 592
3 91770
1 120
3 27889
1 383
3 83963
1 53
3 8771
1 29
3 13901
1 725
3 18938
1 142
3 83277
1 110
3 30344
1 946
3 79160
1 879
3 71498
1 378
3 56703
1 909
3 51745
1 253
3 6180
1 73
3 32605
1 611
3 80792
1 82
3 35264
1 698
3 24119
1 190
3 22876
1 958
3 10098
1 657
3 90265
1 850
3 27589
1 142
3 64227
1 801
3 56982
1 985
3 65654
1 397
3 94822
1 619
3 99058
1 794
3 27044
1 271
3 26547
1 289
3 28979
1 779
3 83530
1 492
3 31523
1 473
3 53607
1 857
3 83790
1 966
3 35511
1 651
3 91113
1 553
3 33376
1 199
3 10661
1 495
3 9734
1 674
3 99013
1 449
3 20201
1 204
3 92649
1 366
3 95091
1 538
3 29921
1 149
3 1722
1 843
3 62003
1 505
3 54555
1 20
3 52774
1 188
3 58677
1 758
3 1339
1 654
3 78624
1 589
3 42972
1 840
3 52513
1 898
3 62707
1 771
3 75408
1 114
3 55007
1 221
3 9410
1 402
3 93578
1 186
3 85219
1 270
3 12167
1 725
3 74394
1 608
3 74516
1 417
3 70252
1 582
3 94025
1 391
3 8548
1 958
3 11687
1 567
3 22269
1 280
3 47864
1 188
3 89988
1 416
3 51096
1 452
3 39929
1 560
3 66270
1 13
3 31676
1 47
3 59415
1 161
3 20549
1 96
3 8092
1 508
3 34534
1 254
3 10707
1 150
3 80278
1 758
3 58015
1 128
3 5605
1 343
3 86103
1 161
3 51758
1 742
3 25181
1 371
3 57920
1 166
3 74547
1 742
3 32522
1 143
3 93312
1 432
3 41901
1 966
3 97866
1 555
3 7764
1 252
3 47354
1 566
3 75373
1 971
3 84415
1 838
3 58662
1 287
3 56590
1 487
3 61702
1 760
3 73844
1 2
3 75883
1 870
3 81225
1 792
3 21287
1 403
3 20826
1 78
3 16559
1 876
3 61773
1 84
3 38392
1 761
3 58850
1 135
3 83192
1 908
3 23772
1 719
3 13784
1 31
3 81000
1 78
3 63762
1 860
3 64400
1 687
3 39896
1 34
3 11603
1 420
3 37997
1 138
3 87395
1 328
3 90114
1 458
3 8621
1 663
3 56932
1 946
3 71272
1 370
3 71704
1 485
3 61509
1 412
3 84141
1 759
3 74601
1 7
3 62969
1 947
3 70789
1 59
3 68533
1 69
3 61211
1 751
3 18130
1 917
3 25240
1 132
3 60756
1 985
3 7975
1 854
3 60437
1 243
3 73506
1 457
3 96324
1 79
3 78448
1 874
3 85936
1 901
3 7076
1 72
3 23345
1 626
3 76602
1 496
3 47322
1 815
3 7583
1 122
3 56859
1 5
3 16467
1 769
3 58828
1 520
3 58315
1 528
3 25465
1 56
3 49046
1 928
3 38493
1 948
3 45995
1 141
3 78139
1 348
3 90399
1 626
3 31855
1 296
3 56213
1 772
3 73567
1 575
3 64190
1 930
3 90526
1 971
3 43116
1 449
3 69102
1 929
3 91498
1 126
3 76733
1 882
3 80327
1 171
3 99346
1 806
3 52591
1 98
3 71946
1 792
3 36697
1 936
3 91785
1 872
3 93579
1 365
3 62761
1 328
3 47111
1 889
3 93088
1 900
3 9345
1 592
3 42464
1 941
3 46138
1 751
3 57308
1 392
3 80166
1 271
3 28402
1 351
3 3066
1 341
3 77328
1 475
3 55650
1 362
3 19133
1 553
3 41648
1 79
3 47471
1 592
3 41437
1 74
3 50919
1 148
3 45698
1 28
3 70278
1 642
3 3074
1 246
3 12801
1 743
3 17509
1 523
3 89986
1 588
3 30103
1 797
3 69036
1 966
3 52212
1 402
3 69431
1 599
3 17274
1 944
3 71667
1 708
3 15871
1 542
3 94023
1 226
3 4259
1 208
3 74297
1 825
3 8141
1 82
3 15406
1 898
3 21893
1 53
3 38214
1 180
3 91800
1 480
3 99314
1 489
3 74833
1 561
3 71131
1 78
3 69590
1 945
3 3887
1 720
3 85444
1 288
3 42619
1 572
3 91718
1 269
3 72238
1 119
3 28892
1 950
3 96529
1 816
3 78661
1 871
3 30654
1 64
3 3646
1 974
3 73747
1 206
3 81372
1 320
3 55265
1 442
3 41360
1 776
3 98064
1 121
3 15462
1 914
3 99418
1 261
3 39953
1 275
3 83051
1 580
3 20753
1 830
3 82865
1 555
3 76783
1 980
3 12677
1 574
3 69606
1 938
3 15022
1 344
3 19688
1 347
3 69880
1 664
3 1894
1 348
3 7235
1 583
3 67697
1 24
3 27199
1 709
3 85025
1 473
3 95685
1 801
3 31496
1 413
3 67299
1 243
3 84057
1 951
3 8163
1 811
3 39480
1 18
3 4495
1 9
3 7694
1 662
3 24660
1 273
3 15797
1 265
3 54965
1 690
3 38346
1 997
3 8464
1 866
3 51162
1 636
3 20695
1 311
3 53663
1 324
3 9900
1 744
3 49231
1 636
3 27889
1 6
3 86403
1 691
3 72146
1 144
3 6681
1 78
3 43320
1 430
3 36529
1 149
3 73796
1 694
3 54169
1 968
3 26749
1 138
3 1351
1 956
3 85061
1 743
3 81922
1 54
3 25794
1 702
3 87194
1 978
3 83836
1 23
3 45126
1 207
3 86045
1 103
3 50966
1 867
3 71387
1 157
3 42689
1 929
3 71901
1 31
3 68954
1 547
3 21254
1 643
3 20156
1 600
3 48824
1 9
3 82173
1 519
3 681
1 972
3 87776
1 848
3 43550
1 509
3 96802
1 734
3 78168
1 965
3 20748
1 333
3 54091
1 628
3 87881
1 251
3 15371
1 68
3 99910
1 407
3 92930
1 136
3 18267
1 934
3 99706
1 284
3 57466
1 23
3 4653
1 877
3 31997
1 377
3 57518
1 877
3 89948
1 658
3 96066
1 441
3 80526
1 418
3 523
1 319
3 4048
1 574
3 3049
1 911
3 67012
1 118
3 84935
1 184
3 17393
1 678
3 14795
1 684
3 87926
1 340
3 82612
1 211
3 61010
1 533
3 68035
1 38
3 46084
1 120
3 98906
1 620
3 21105
1 890
3 40826
1 475
3 61377
1 462
3 2363
1 382
3 41638
1 797
3 56662
1 202
3 34230
1 182
3 41083
1 431
3 15909
1 981
3 9831
1 379
3 34459
1 765
3 29999
1 9
3 94921
1 621
3 34286
1 996
3 41061
1 13
3 56012
1 393
3 44814
1 921
3 87099
1 807
3 82066
1 561
3 57946
1 994
3 23210
1 828
3 21453
1 672
3 86766
1 652
3 13718
1 7
3 96426
1 966
3 23417
1 84
3 53729
1 290
3 33072
1 785
3 7439
1 174
3 3532
1 688
3 7049
1 126
3 52849
1 841
3 98034
1 770
3 47875
1 734
3 92667
1 214
3 41050
1 3
3 18945
1 362
3 87307
1 699
3 81524
1 399
3 11933
1 500
3 31231
1 387
3 35813
1 69
3 70271
1 85
3 25992
1 243
3 71454
1 951
3 86539
1 370
3 24656
1 958
3 36808
1 750
3 81047
1 534
3 85447
1 703
3 70027
1 131
3 69035
1 17
3 84483
1 363
3 30060
1 768
3 85945
1 499
3 21795
1 950
3 30723
1 222
3 16283
1 462
3 29869
1 253
3 38340
1 410
3 54535
1 887
3 84096
1 92
3 62073
1 778
3 90272
1 809
3 63896
1 95
3 50953
1 979
3 88498
1 716
3 6943
1 204
3 6671
1 871
3 12645
1 421
3 90656
1 123
3 42735
1 498
3 22376
1 971
3 42157
1 515
3 3237
1 629
3 67959
1 644
3 11659
1 381
3 14870
1 590
3 39843
1 669
3 71287
1 92
3 23602
1 53
3 86759
1 175
3 79023
1 980
3 41047
1 243
3 27561
1 969
3 55396
1 885
3 62876
1 862
3 51511
1 179
3 73405
1 9
3 43913
1 776
3 91950
1 691
3 86324
1 355
3 1013
1 879
3 73904
1 176
3 85752
1 917
3 23961
1 623
3 30739
1 917
3 53793
1 258
3 22018
1 803
3 33172
1 889
3 95112
1 33
3 5597
1 203
3 13699
1 904
3 62185
1 461
3 36839
1 184
3 98949
1 632
3 93611
1 894
3 91945
1 567
3 48704
1 877
3 98367
1 381
3 3611
1 338
3 66040
1 365
3 90144
1 299
3 8463
1 856
3 99650
1 145
3 69400
1 340
3 29720
1 549
3 8832
1 905
3 57753
1 406
3 7242
1 411
3 94756
1 377
3 37807
1 778
3 6260
1 683
3 37798
1 796
3 23347
1 470
3 41139
1 332
3 70263
1 628
3 72950
1 985
3 5157
1 646
3 78896
1 265
3 85977
1 506
3 35605
1 606
3 54345
1 645
3 77624
1 122
3 62456
1 878
3 92371
1 736
3 29978
1 711
3 68424
1 484
3 62444
1 249
3 34210
1 875
3 48550
1 711
3 6256
1 439
3 20069
1 816
3 85785
1 268
3 95656
1 569
3 67747
1 702
3 6509
1 778
3 92979
1 7
3 52859
1 588
3 86655
1 56
3 36399
1 722
3 56349
1 805
3 24690
1 100
3 70577
1 304
3 80525
1 66
3 49039
1 388
3 55884
1 374
3 45680
1 122
3 23837
1 598
3 82307
1 933
3 65697
1 91
3 41433
1 495
3 7228
1 706
3 56457
1 573
3 52682
1 20
3 61553
1 151
3 20663
1 582
3 85014
1 805
3 97513
1 844
3 646
1 810
3 948
1 959
3 44023
1 423
3 7331
1 940
3 26098
1 79
3 85472
1 421
3 99687
1 755
3 43137
1 231
3 70059
1 559
3 48363
1 547
3 42527
1 332
3 67225
1 217
3 81046
1 681
3 86185
1 287
3 21037
1 873
3 29540
1 32
3 50339
1 861
3 95406
1 209
3 66529
1 856
3 2403
1 703
3 40783
1 860
3 83167
1 414
3 21564
1 483
3 54660
1 78
3 18715
1 222
3 31464
1 976
3 95506
1 862
3 52843
1 363
3 47860
1 307
3 26831
1 7
3 36205
1 384
3 46589
1 249
3 15364
1 915
3 60760
1 653
3 21809
1 716
3 76496
1 458
3 65895
1 748
3 93408
1 944
3 89252
1 510
3 23580
1 700
3 87065
1 855
3 64183
1 243
3 91774
1 998
3 32352
1 227
3 38505
1 131
3 54332
1 157
3 70815
1 619
3 10681
1 533
3 66498
1 548
3 18864
1 796
3 76403
1 951
3 96911
1 178
3 57047
1 79
3 6182
1 640
3 94605
1 809
3 26599
1 485
3 93571
1 561
3 3511
1 854
3 58735
1 471
3 94778
1 428
3 6817
1 368
3 28611
1 259
3 92534
1 773
3 69899
1 859
3 7449
1 639
3 83323
1 417
3 97388
1 460
3 6991
1 614
3 32532
1 750
3 56058
1 430
3 70839
1 635
3 53457
1 931
3 45399
1 146
3 71922
1 886
3 49820
1 190
3 14819
1 509
3 32750
1 396
3 74455
1 399
3 87759
1 821
3 72581
1 95
3 34890
1 764
3 14733
1 937
3 70184
1 985
3 89708
1 302
3 82051
1 204
3 50741
1 555
3 37521
1 460
3 64445
1 976
3 87367
1 419
3 55684
1 66
3 68200
1 277
3 61678
1 27
3 11908
1 370
3 66119
1 741
3 40674
1 744
3 62976
1 710
3 30119
1 718
3 19906
1 21
3 40922
1 435
3 92154
1 444
3 51244
1 370
3 7422
1 837
3 19990
1 502
3 60948
1 210
3 21203
1 384
3 79985
1 236
3 67813
1 829
3 48114
1 451
3 72118
1 443
3 49959
1 678
3 21026
1 533
3 18451
1 183
3 40027
1 288
3 72831
1 73
3 70359
1 526
3 74458
1 99
3 39708
1 79
3 48288
1 560
3 60906
1 172
3 68679
1 394
3 4760
1 243
3 38642
1 528
3 39124
1 543
3 86767
1 888
3 60488
1 653
3 53276
1 820
3 71159
1 605
3 53513
1 313
3 85837
1 647
3 10169
1 109
3 17122
1 595
3 56503
1 85
3 72982
1 777
3 99633
1 19
3 55389
1 712
3 22146
1 413
3 29749
1 886
3 97795
1 465
3 13497
1 828
3 2495
1 646
3 13473
1 655
3 25865
1 682
3 39287
1 630
3 13091
1 681
3 47784
1 239
3 35808
1 602
3 4344
1 88
3 57113
1 689
3 91589
1 237
3 52539
1 942
3 7143
1 823
3 66476
1 101
3 41020
1 358
3 83469
1 106
3 45003
1 262
3 60401
1 181
3 30257
1 96
3 5725
1 265
3 47844
1 526
3 28222
1 678
3 34014
1 960
3 93019
1 194
3 72544
1 524
3 84580
1 43
3 57974
1 905
3 57269
1 569
3 49995
1 528
3 67651
1 744
3 85508
1 655
3 77250
1 310
3 3081
1 187
3 56537
1 582
3 69807
1 678
3 40266
1 739
3 60919
1 889
3 20607
1 198
3 50668
1 804
3 33078
1 214
3 49528
1 382
3 82566
1 587
3 33811
1 998
3 45739
1 653
3 84821
1 781
3 20447
1 396
3 88921
1 419
3 21712
1 553
3 64490
1 91
3 32502
1 505
3 87412
1 291
3 71477
1 885
3 47900
1 857
3 93525
1 770
3 71276
1 124
3 64655
1 637
3 92935
1 292
3 12379
1 442
3 49046
1 837
3 85179
1 849
3 86452
1 161
3 45366
1 732
3 29962
1 334
3 54704
1 76
3 59243
1 442
3 20209
1 573
3 53046
1 901
3 98848
1 563
3 55852
1 630
3 2620
1 128
3 88066
1 737
3 48178
1 475
3 63727
1 568
3 88765
1 448
3 91915
1 135
3 45618
1 337
3 18974
1 846
3 83443
1 742
3 99231
1 752
3 56674
1 387
3 70331
1 307
3 25312
1 786
3 48273
1 110
3 34514
1 972
3 65598
1 798
3 60130
1 798
3 37980
1 15
3 83975
1 997
3 42228
1 184
3 69579
1 451
3 37908
1 482
3 61054
1 826
3 24218
1 339
3 78297
1 30
3 14168
1 505
3 57310
1 887
3 91244
1 243
3 20257
1 508
3 84995
1 463
3 65900
1 942
3 47343
1 104
3 90184
1 981
3 16026
1 317
3 29688
1 949
3 62917
1 852
3 90055
1 713
3 57959
1 277
3 54465
1 889
3 28506
1 650
3 5168
1 902
3 293
1 402
3 75438
1 237
3 27259
1 814
3 55417
1 72
3 88249
1 848
3 55714
1 339
3 55066
1 84
3 53926
1 870
3 10734
1 576
3 97901
1 274
3 30723
1 729
3 98216
1 434
3 6
1 337
3 73163
1 533
3 71658
1 242
3 28912
1 305
3 49422
1 981
3 1706
1 86
3 52857
1 207
3 21776
1 674
3 31216
1 863
3 92608
1 420
3 94411
1 466
3 70619
1 429
3 15922
1 25
3 90948
1 245
3 99133
1 327
3 40757
1 457
3 71210
1 777
3 47390
1 159
3 35909
1 306
3 80632
1 587
3 46204
1 571
3 26067
1 959
3 4236
1 947
3 56596
1 733
3 44995
1 266
3 70035
1 804
3 71605
1 755
3 66255
1 845
3 57377
1 308
3 32632
1 715
3 88214
1 382
3 33588
1 87
3 83399
1 902
3 59113
1 293
3 72446
1 675
3 61629
1 829
3 39132
1 396
3 66142
1 580
3 27745
1 152
3 16691
1 54
3 69549
1 357
3 41824
1 977
3 68200
1 700
3 25533
3 2119
3 42088
3 79582
3 31142
3 37965
3 4571
3 94037
3 79090
3 78501
3 9460
3 72624
3 61139
3 57643
3 45522
3 86110
3 45003
3 2588
3 95611
3 21407
3 76842
3 26224
3 21646
3 61434
3 39343
3 81080
3 94447
3 56642
3 34629
3 86717
3 28004
3 48200
3 42237
3 49115
3 2101
3 67711
3 54526
3 84090
3 84549
3 9063
3 40065
3 53387
3 66609
3 58934
3 76834
3 43678
3 99800
3 61245
3 69238
3 65793
3 36825
3 70767
3 61775
3 75928
3 4950
3 85966
3 53737
3 69357
3 98320
3 12112
3 89676
3 66338
3 87047
3 86971
3 21071
3 29604
3 58301
3 28850
3 57218
3 34016
3 52145
3 43799
3 52053
3 18028
3 74043
3 50773
3 7706
3 74845
3 89903
3 212
3 51612
3 21546
3 19510
3 26176
3 16101
3 93103
3 66494
3 92390
3 10024
3 97113
3 49749
3 82750
3 68335
3 53937
3 8055
3 94957
3 75921
3 33861
3 28735
3 6441
3 51365
3 5084
3 83
3 95819
3 66621
3 94670
3 38876
3 28430
3 75076
3 6014
3 71781
3 83338
3 31777
3 31164
3 29549
3 67572
3 68418
3 98908
3 15171
3 14234
3 38136
3 43790
3 69062
3 2006
3 63290
3 90896
3 97898
3 39675
3 69435
3 64571
3 54238
3 66828
3 79624
3 52333
3 53844
3 4029
3 69313
3 18352
3 20135
3 42132
3 5056
3 42379
3 43070
3 33322
3 47125
3 51658
3 17344
3 33835
3 97847
3 77284
3 26069
3 9476
3 99179
3 10577
3 57512
3 54226
3 20895
3 46118
3 78331
3 97942
3 99707
3 96677
3 30698
3 68956
3 10131
3 13687
3 97239
3 6625
3 81662
3 34475
3 39119
3 22145
3 40152
3 3614
3 76314
3 19746
3 82497
3 85487
3 55345
3 88595
3 703
3 28591
3 60851
3 15478
3 93843
3 96837
3 29381
3 63624
3 74073
3 12265
3 33068
3 1788
3 50407
3 37822
3 93622
3 6323
3 33414
3 81001
3 67067
3 15321
3 53996
3 92285
3 93068
3 2312
3 89201
3 67187
3 50456
3 52371
3 90415
3 39971
3 24301
3 91625
3 62987
3 8901
3 45636
3 67684
3 37843
3 64536
3 22963
3 547
3 4431
3 40240
3 84294
3 9963
3 7838
3 94954
3 4480
3 95373
3 60371
3 50993
3 87601
3 12252
3 27576
3 55153
3 94604
3 72634
3 52738
3 78520
3 98403
3 71503
3 21502
3 1711
3 41569
3 32726
3 92904
3 44755
3 51754
3 10692
3 70531
3 42837
3 82485
3 96202
3 33083
3 7920
3 80034
3 48492
3 25845
3 43854
3 42180
3 30670
3 78518
3 21085
3 36112
3 76436
3 26038
3 579
3 10615
3 90820
3 35318
3 5659
3 27164
3 9267
3 37734
3 12551
3 23855
3 61135
3 82450
3 74998
3 27358
3 18086
3 42596
3 84750
3 29386
3 21809
3 10752
3 79832
3 25907
3 3930
3 3461
3 38594
3 22188
3 30630
3 39766
3 99887
3 31088
3 42766
3 63151
3 81240
3 11767
3 82481
3 36906
3 53058
3 60202
3 24873
3 68076
3 46958
3 14544
3 64948
3 47397
3 13912
3 82804
3 74258
3 8556
3 95267
3 15253
3 18120
3 70845
3 32790
3 80687
3 47633
3 9031
3 17445
3 86934
3 64952
3 54333
3 87341
3 12767
3 14683
3 47753
3 76394
3 28238
3 57589
3 47434
3 40299
3 89209
3 59199
3 96946
3 32779
3 97679
3 1490
3 6073
3 15157
3 62672
3 92447
3 93432
3 97566
3 4428
3 29823
3 35491
3 53602
3 37438
3 22862
3 58271
3 40031
3 90736
3 9676
3 39186
3 92998
3 20355
3 6952
3 79717
3 92207
3 41074
3 86870
3 23522
3 882
3 15963
3 9855
3 22069
3 76368
3 59689
3 76566
3 42401
3 73261
3 49870
3 44687
3 62116
3 8492
3 91724
3 13961
3 38594
3 35890
3 39656
3 54304
3 68379
3 5
3 28137
3 93774
3 26123
3 78659
3 71973
3 89813
3 63541
3 43069
3 36830
3 62251
3 62333
3 95246
3 68492
3 31648
3 33995
3 96443
3 766
3 24195
3 73047
3 96406
3 79384
3 31734
3 83849
3 38926
3 25098
3 67849
3 46868
3 22519
3 30520
3 38878
3 61792
3 52438
3 20861
3 68278
3 14004
3 92129
3 18065
3 65108
3 26780
3 93368
3 42095
3 17776
3 25470
3 82089
3 95621
3 32938
3 40254
3 29213
3 45051
3 18387
3 25752
3 5226
3 37965
3 98306
3 30679
3 16497
3 62125
3 89804
3 56346
3 94227
3 10892
3 74871
3 32705
3 4200
3 74516
3 90030
3 29665
3 57782
3 65541
3 28470
3 96355
3 48200
3 36812
3 38333
3 60925
3 79530
3 71313
3 31148
3 67649
3 30163
3 45211
3 41065
3 25045
3 22608
3 93071
3 17508
3 36243
3 10646
3 12720
3 20491
3 67859
3 74357
3 95819
3 9939
3 6959
3 6172
3 54585
3 63882
3 64997
3 1979
3 79650
3 58581
3 97510
3 15956
3 49352
3 39491
3 79790
3 79421
3 30321
3 82644
3 23682
3 60557
3 2999
3 21311
3 13279
3 80610
3 18883
3 43122
3 12239
3 2550
3 98398
3 4079
3 4665
3 8157
3 79676
3 68032
3 83039
3 48072
3 57776
3 57710
3 14906
3 48074
3 91486
3 73016
3 96946
3 83193
3 33491
3 19472
3 29287
3 1311
3 66947
3 72400
3 31686
3 41640
3 10182
3 63804
3 39004
3 28366
3 93144
3 33976
3 3030
3 26632
3 90955
3 3114
3 35622
3 70474
3 28758
3 82671
3 52699
3 48486
3 67826
3 54045
3 12385
3 41292
3 10626
3 7779
3 60180
3 83475
3 39791
3 61564
3 47274
3 95397
3 51868
3 76355
3 81859
3 58648
3 66710
3 25425
3 6603
3 16359
3 2945
3 58428
3 2654
3 78948
3 21550
3 27650
3 92379
3 45450
3 17306
3 66109
3 21136
3 24283
3 60004
3 29434
3 95990
3 47560
3 11782
3 8357
3 83606
3 22034
3 68625
3 43713
3 48967
3 54068
3 81698
3 58238
3 13560
3 97991
3 84813
3 2028
3 29964
3 2402
3 50855
3 51235
3 47015
3 96500
3 97390
3 8044
3 63973
3 16482
3 94962
3 57744
3 16431
3 10038
3 73205
3 49009
3 63512
3 55396
3 86494
3 30786
3 54839
3 82766
3 90082
3 51338
3 30860
3 65879
3 43132
3 1727
3 44436
3 98597
3 22645
3 71369
3 41325
3 55589
3 44392
3 38523
3 87824
3 30166
3 56994
3 96639
3 52221
3 61507
3 27593
3 54228
3 40827
3 72535
3 94847
3 92941
3 54578
3 8230
3 1855
3 88086
3 2613
3 66
3 3065
3 87179
3 73650
3 62025
3 37720
3 1784
3 98282
3 78851
3 94783
3 83112
3 22382
3 31418
3 40891
3 83687
3 38444
3 3037
3 85444
3 73770
3 78110
3 95773
3 50976
3 54435
3 76785
3 49056
3 88437
3 2786
3 34633
3 40874
3 852
3 51494
3 328
3 11048
3 49340
3 26663
3 3839
3 15700
3 87844
3 30719
3 58816
3 77974
3 39414
3 5893
3 1322
3 17672
3 2609
3 36245
3 89672
3 49037
3 3896
3 60354
3 48209
3 50414
3 43333
3 17444
3 54406
3 47698
3 9233
3 51059
3 75233
3 88118
3 73305
3 26320
3 54456
3 73147
3 12856
3 86012
3 82106
3 32063
3 40960
3 10814
3 80040
3 12861
3 68316
3 71923
3 84996
3 81231
3 94994
3 99583
3 471
3 67064
3 43603
3 67798
3 21470
3 80072
3 98672
3 12827
3 44058
3 61377
3 36434
3 145
3 53235
3 15682
3 25670
3 75312
3 23624
3 71827
3 61895
3 36021
3 16900
3 74873
3 98032
3 23745
3 3877
3 15973
3 22281
3 82743
3 20441
3 73919
3 72039
3 70154
3 81292
3 14223
3 65171
3 36514
3 66061
3 22385
3 67373
3 59975
3 28650
3 29192
3 41652
3 81570
3 78440
3 49276
3 83493
3 94203
3 48591
3 20607
3 89871
3 89587
3 37345
3 18275
3 51351
3 3516
3 29126
3 26032
3 84267
3 8641
3 76098
3 15007
3 35546
3 64036
3 10427
3 3055
3 54952
3 76684
3 42778
3 31382
3 40739
3 75377
3 32084
3 28460
3 57994
3 14474
3 27524
3 89949
3 82590
3 39402
3 20689
3 75829
3 96847
3 89641
3 9082
3 58157
3 654
3 30415
3 27207
3 71663
3 47913
3 25044
3 77735
3 59356
3 69947
3 8281
3 69592
3 14501
3 22800
3 20981
3 89196
3 41901
3 35741
3 43842
3 90341
3 73529
3 21414
3 63176
3 92013
3 96041
3 44278
3 53206
3 92452
3 14552
3 18153
3 651
3 47242
3 41681
3 80368
3 68824
3 2139
3 88063
3 7673
3 63646
3 29140
3 8895
3 53066
3 80856
3 71849
3 66006
3 23055
3 95930
3 95392
3 44026
3 42254
3 87217
3 85838
3 12772
3 57253
3 86889
3 96148
3 42884
3 21754
3 25122
3 48181
3 17646
3 95185
3 73154
3 80136
3 28219
3 75315
3 29995
3 25964
3 80882
3 19275
3 26811
3 51090
3 61303
3 95624
3 97121
3 90096
3 51560
3 44847
3 99821
3 17380
3 96400
3 57892
3 52618
3 92777
3 4799
3 83690
3 54351
3 97847
3 97694
3 61788
3 22604
3 82930
3 78473
3 51645
3 56462
3 95299
3 32809
3 9855
3 68032
3 67074
3 33173
3 23374
3 25817
3 3647
3 88650
3 94747
3 62125
3 29625
3 24337
3 48872
3 55994
3 54537
3 37053
3 51911
3 37678
3 17121
3 62557
3 85077
3 75188
3 34900
3 72259
3 53624
3 56272
3 93791
3 91073
3 77378
3 55928
3 36232
3 11778
3 42679
3 95319
3 23020
3 29894
3 85068
3 48596
3 1548
3 43747
3 16879
3 92867
3 60459
3 95910
3 33878
3 6195
3 15307
3 70015
3 7787
3 3241
3 97351
3 73699
3 92183
3 74719
3 80923
3 48014
3 52955
3 49151
3 34884
3 2755
3 84365
3 51739
3 33365
3 45617
3 27173
3 37927
3 22461
3 1948
3 84549
3 49914
3 15548
3 5824
3 77228
3 96170
3 67959
3 17133
3 69404
3 97720
3 36504
3 13708
3 44023
3 63810
3 470
3 10924
3 61950
3 80688
3 26900
3 74142
3 46140
3 41997
3 28084
