600
1 508
3 16950
1 34
3 94227
1 569
3 3378
1 513
3 95551
1 788
3 61950
1 405
3 72742
1 121
3 98121
1 728
3 29989
1 724
3 58010
1 591
3 45412
1 417
3 82032
1 437
3 40796
1 714
3 19052
1 568
3 36579
1 925
3 62004
1 357
3 18057
1 90
3 66523
1 828
3 53651
1 172
3 52772
1 652
3 27016
1 118
3 29759
1 307
3 15591
1 325
3 47592
1 485
3 63122
1 627
3 63181
1 293
3 51565
1 242
3 54399
1 988
3 15889
1 638
3 95235
1 579
3 47720
1 762
3 2950
1 647
3 90837
1 279
3 74008
1 925
3 41934
1 530
3 54715
1 127
3 22960
1 496
3 55209
1 23
3 47168
1 547
3 23797
1 787
3 61917
1 574
3 43175
1 10
3 94975
1 131
3 83861
1 373
3 87402
1 614
3 16529
1 795
3 94988
1 426
3 1421
1 559
3 82398
1 164
3 66634
1 90
3 99296
1 450
3 6414
1 462
3 14269
1 510
3 52296
1 880
3 75780
1 659
3 69604
1 64
3 24278
1 577
3 60375
1 361
3 43917
1 912
3 43920
1 727
3 86418
1 676
3 11152
1 177
3 3865
1 719
3 47099
1 804
3 92399
1 323
3 75192
1 156
3 2939
1 529
3 91958
1 297
3 58409
1 662
3 43668
1 33
3 53990
1 29
3 93695
1 357
3 36620
1 261
3 59658
1 912
3 7154
1 639
3 63423
1 268
3 80776
1 391
3 60314
1 698
3 40602
1 88
3 79665
1 506
3 99768
1 250
3 74488
1 795
3 62607
1 497
3 2918
1 741
3 6447
1 195
3 98233
1 870
3 8514
1 217
3 76436
1 402
3 10184
1 136
3 18522
1 358
3 79763
1 842
3 81499
1 515
3 89672
1 851
3 63399
1 187
3 59895
1 14
3 98934
1 614
3 37773
1 186
3 68491
1 416
3 40099
1 237
3 48000
1 913
3 78466
2 14
3 94093
2 94
3 19712
2 47
3 90944
2 58
3 74948
2 36
3 61192
2 10
3 42130
2 48
3 52435
2 11
3 63375
2 51
3 94794
2 31
3 19936
2 54
3 6323
2 3
3 28420
2 19
3 11354
2 40
3 26611
2 25
3 77301
2 24
3 77974
2 37
3 33410
2 43
3 50052
2 27
3 33099
2 90
3 3595
2 84
3 4288
2 34
3 99861
2 1
3 20808
2 65
3 40086
2 70
3 66793
2 46
3 42402
2 18
3 12320
2 86
3 60370
2 57
3 32053
2 63
3 57886
2 17
3 54094
2 82
3 62925
2 88
3 79519
2 69
3 99011
2 23
3 54918
2 67
3 81296
2 44
3 34872
2 73
3 29011
2 8
3 50746
2 6
3 27720
2 16
3 23462
2 20
3 42076
2 32
3 56312
2 39
3 21956
2 42
3 98670
2 13
3 32195
2 95
3 34122
2 26
3 66198
2 75
3 61116
2 41
3 59766
1 886
3 64862
1 806
3 44710
1 744
3 23853
1 813
3 73598
1 235
3 12800
1 546
3 73659
1 182
3 93738
1 125
3 99382
1 42
3 94989
1 222
3 81840
1 959
3 91379
1 511
3 39614
1 713
3 85106
1 652
3 77292
1 554
3 39341
1 723
3 66731
1 908
3 2527
1 795
3 77343
1 745
3 36909
1 901
3 83457
1 582
3 40558
1 636
3 89164
1 630
3 19440
1 886
3 73404
1 513
3 99776
1 33
3 53120
1 273
3 30096
1 152
3 91465
1 807
3 3512
1 913
3 91496
1 839
3 65436
1 416
3 11575
1 781
3 39399
1 716
3 32605
1 425
3 64807
1 343
3 56265
1 89
3 47626
1 336
3 61695
1 540
3 66076
1 31
3 64718
1 490
3 98500
1 115
3 46052
1 19
3 83777
1 952
3 50359
1 591
3 44939
1 684
3 8125
1 963
3 5022
1 461
3 97798
1 67
3 19440
1 777
3 38299
1 494
3 30314
1 126
3 63174
1 591
3 94969
1 806
3 85901
1 915
3 74083
1 671
3 72123
1 636
3 62052
1 369
3 67031
1 290
3 55315
1 829
3 43017
1 634
3 77585
1 837
3 60
1 777
3 23618
1 286
3 89743
1 963
3 31815
1 831
3 70659
1 115
3 79333
1 301
3 18695
1 909
3 47604
1 961
3 84
1 634
3 24571
1 147
3 31030
1 890
3 88517
1 632
3 4228
1 277
3 6522
1 10
3 55422
1 577
3 49361
1 35
3 96847
1 22
3 22986
1 858
3 29972
1 639
3 86434
1 413
3 71320
1 833
3 5178
1 738
3 36409
1 392
3 50957
1 943
3 41330
1 497
3 68389
1 652
3 76257
1 688
3 92322
1 823
3 37901
1 565
3 4017
1 95
3 61574
1 175
3 78291
1 270
3 9024
1 599
3 69309
1 381
3 37856
1 373
3 18703
1 597
3 78836
1 453
3 15464
1 809
3 31249
3 14385
3 76795
3 15708
3 15355
3 14667
3 25306
3 35467
3 87467
3 72713
3 84636
3 84662
3 12231
3 13234
3 63955
3 90941
3 76579
3 73166
3 7100
3 8638
3 31317
3 82175
3 45911
3 44830
3 92886
3 2632
3 49699
3 11252
3 49331
3 97608
3 50636
3 81212
3 78096
3 31777
3 27358
3 47880
3 8625
3 14459
3 92551
3 12897
3 38927
3 4018
3 32676
3 50550
3 91657
3 55584
3 2616
3 24613
3 51789
3 50641
3 90245
3 61725
3 43062
3 18120
3 59200
3 46989
3 71912
3 11980
3 29929
3 78313
3 78157
3 56874
3 28349
3 84432
3 40638
3 55840
3 29124
3 1442
3 22890
3 30675
3 16889
3 82483
3 98441
3 68097
3 23666
3 92500
3 61485
3 27316
3 64705
3 13391
3 47883
3 4425
3 29340
3 9096
3 96518
3 59784
3 48897
3 2186
3 32153
3 77046
3 55201
3 27440
3 13091
3 97676
3 65153
3 62362
3 32082
3 45829
3 79574
3 80630
3 2276
