23
39
107
16
3
57
39
97
168
57
105
19
191
11
47
97
113
29
35
106
110
141
0
37
0
81
199
25
78
151
201
166
115
155
93
201
193
130
105
0
118
92
44
127
57
189
159
112
200
94
200
55
34
175
97
3
3
47
67
133
168
200
203
82
53
127
88
174
155
12
27
0
153
200
19
194
157
176
78
12
127
0
22
0
0
115
35
122
176
70
145
100
0
57
55
134
0
166
187
0
15
106
0
150
136
97
0
95
17
0
108
120
126
189
121
153
98
165
64
72
105
0
34
88
186
131
14
80
120
44
182
17
0
105
126
97
0
0
0
6
29
64
0
74
182
95
0
34
0
203
17
182
44
127
188
44
143
59
0
122
118
92
185
87
0
145
57
3
83
157
0
15
8
29
64
0
7
0
86
127
34
176
79
183
95
0
126
183
0
118
169
0
164
0
158
132
29
0
94
8
60
74
176
0
12
0
6
0
26
173
155
2
158
74
94
95
81
60
0
46
91
0
0
0
57
74
0
194
95
74
176
0
0
198
0
86
145
19
0
64
95
0
140
102
0
87
47
3
132
97
97
182
165
0
177
153
180
166
94
102
81
81
0
17
106
0
53
122
15
200
0
0
59
100
53
0
0
0
0
67
10
3
57
82
136
185
0
88
77
6
117
79
23
46
0
135
146
166
15
0
46
44
166
173
141
106
79
21
106
97
132
0
166
0
0
46
144
94
0
0
0
0
198
57
136
6
0
185
6
47
134
151
56
136
0
56
17
137
177
0
0
0
127
30
136
96
21
0
173
80
10
0
141
157
94
0
197
0
0
122
0
0
0
0
91
0
173
130
182
59
0
155
0
184
0
153
0
0
164
143
44
74
11
30
0
97
155
6
27
97
141
0
0
152
145
83
0
0
117
0
0
0
59
127
0
0
0
0
0
100
0
0
0
48
90
0
169
165
0
0
48
6
12
168
0
88
0
93
0
6
0
0
0
11
0
0
202
0
94
0
0
6
17
145
0
199
0
0
0
106
0
0
109
173
57
153
0
67
80
0
57
0
0
0
0
0
22
74
198
82
64
0
184
122
72
19
88
166
14
0
0
0
57
0
0
0
44
94
0
0
17
157
184
0
0
80
102
139
74
59
0
0
0
0
135
0
0
199
0
130
1007
83
194
84
199
0
1011
1017
1008
0
0
0
0
202
94
0
1024
166
1015
0
1016
12
0
109
1015
1023
44
0
0
164
173
153
0
185
92
130
109
19
194
134
194
1011
0
1048
1035
0
1044
44
169
1006
0
94
1062
141
106
143
17
34
185
1048
57
0
27
27
1051
44
149
1034
1043
27
1022
47
83
198
1003
1032
1011
21
183
3
1043
1068
12
1033
202
1011
17
1009
1019
67
93
1003
1002
1052
1051
96
79
157
203
149
1096
1048
149
1091
1069
198
1088
1102
27
92
1081
197
151
92
94
1084
198
1007
1018
17
17
1069
194
30
1068
1009
194
1042
1036
1038
19
1025
1069
1099
199
1080
1076
42
94
177
194
14
48
173
158
1016
88
8
1103
96
1068
1017
21
1054
1015
141
1088
166
182
48
106
47
155
1051
1075
1090
84
1069
1048
79
1005
102
96
3
82
1014
188
1038
1043
106
1028
194
158
57
1075
19
1095
12
167
1079
14
1035
1059
1104
1089
3
141
1068
12
188
53
174
17
27
1017
169
57
1089
1084
1065
1059
14
1036
165
1040
47
1024
21
185
53
1078
1066
127
194
203
1031
1029
1034
173
1035
1061
173
1040
1095
1038
21
19
203
1022
1100
194
56
4
1075
106
102
1069
3
158
83
102
121
149
106
19
1102
1090
23
145
146
1081
1102
17
23
1023
94
184
98
79
130
1035
1070
42
1008
64
21
164
1068
1006
1092
1059
48
1068
146
59
1102
82
200
1007
94
149
174
1069
1065
1075
145
152
165
1022
42
34
1075
74
1069
169
47
27
165
123
1078
1050
23
1045
1094
184
17
1066
1084
1084
1074
174
146
1076
1083
134
1074
1016
48
1073
1008
1073
145
198
158
1092
15
1025
153
94
1007
1065
34
1069
1069
48
96
74
1055
158
185
1036
1064
145
1078
185
83
134
1098
153
164
203
102
141
1042
188
1102
121
94
1101
19
82
92
1066
164
1034
8
1088
1064
1017
1051
94
1050
1059
1054
1081
8
1009
1016
184
56
134
1059
135
1015
1084
1014
1102
1005
145
1008
1011
44
1048
188
203
1087
1084
135
10
1091
82
1099
141
1034
198
158
57
1004
145
166
1063
1050
1104
1012
203
79
169
42
169
153
1009
135
30
1020
136
6
15
1080
1031
1090
196
1035
1080
174
1008
1048
12
1007
47
1014
106
74
17
98
42
1061
1008
96
53
1093
141
15
84
1042
145
106
1029
3
1090
166
1028
1094
173
1053
1092
98
1084
83
141
134
1022
1022
1057
167
1002
1095
1051
198
158
42
106
1095
1011
203
1101
1016
203
1066
12
1036
1066
184
197
164
1002
1004
8
130
1090
1015
1011
1095
1090
1074
1081
92
202
1022
80
1074
6
1051
1065
1039
80
1014
19
64
56
194
1040
80
109
1053
1094
166
1068
1025
44
177
27
198
1026
1061
1038
1007
8
15
102
200
94
1100
80
1017
1094
166
23
1035
67
1081
1028
1084
177
47
1043
165
1091
136
134
174
56
1092
44
57
32
56
74
106
174
1075
185
123
98
182
15
14
1009
185
83
1023
82
8
1081
23
1011
1049
1084
1027
177
159
80
53
1063
1076
100
1086
1052
188
1092
1003
145
1091
47
57
1061
1023
1038
194
1006
27
1075
1043
202
1102
188
1057
1104
8
1080
184
17
203
135
56
17
1068
15
194
1043
14
1043
1025
80
1081
143
1005
159
1092
1040
106
157
1075
1099
56
1081
1075
1039
1056
14
1022
1091
196
1080
14
1101
102
177
1042
1064
48
1083
164
96
1064
1054
47
167
127
1050
15
1065
102
1074
42
1090
200
1002
1003
88
15
1028
1091
203
84
136
1056
82
1080
165
1092
1022
1035
1057
1103
130
6
80
169
44
106
1017
1035
1104
102
94
1029
67
92
1011
1073
44
153
1079
1102
183
1027
1094
1078
188
59
74
106
1083
21
130
1017
153
198
1066
14
194
1029
1102
8
1069
194
15
1034
1099
136
1007
170
200
15
59
109
1083
1061
1054
141
96
1011
1037
146
1095
1085
1040
1011
1081
183
166
1058
72
1078
1094
1064
1081
1075
23
1080
80
1076
56
1021
80
1099
98
1007
1022
1073
1022
164
1080
1055
141
96
1022
1017
79
143
1083
146
1048
1055
1073
134
12
74
74
177
1073
1060
1084
1061
1091
21
1015
1065
143
203
1063
1023
56
200
27
6
27
1028
1048
26
94
67
12
1066
1098
102
15
130
80
173
1053
1073
56
1007
94
1033
1039
1101
1085
174
1068
1066
96
1080
1091
1088
8
1065
136
79
1073
42
1058
1038
96
1090
1038
1054
1090
42
182
44
1078
59
1094
1084
94
1102
1084
1079
1101
24
96
1090
177
1054
56
106
1070
1022
102
202
1064
6
1095
1055
123
182
188
1054
1017
173
203
1065
1082
48
1055
64
127
1073
1045
174
82
135
1045
1074
47
158
1009
1066
1096
1022
1090
1079
94
184
1014
56
1076
184
1068
106
1034
1005
1002
1088
1032
1063
182
1064
1063
1062
21
200
57
1104
1001
143
1084
1034
96
4
102
44
1035
1099
1103
1083
1014
186
203
80
1084
94
67
164
92
1028
1005
1065
1053
136
1084
130
1066
1036
1095
1038
173
1070
1085
1074
74
1080
53
34
135
82
1081
1028
6
82
161
57
1045
12
1102
1089
158
19
1085
1074
1066
1054
1092
1053
6
1104
44
1088
1028
44
1074
1048
165
194
1065
64
177
53
1055
82
96
6
1080
106
174
174
17
79
1060
130
1069
1088
1051
203
1074
134
127
1043
1083
1075
152
12
1092
1061
135
1104
23
183
130
1094
1094
1022
56
1069
1034
1066
1039
1059
1052
1059
1016
145
1058
1007
1087
184
1002
1059
44
1018
1028
1014
1101
130
1099
21
199
96
1090
1081
1062
1008
194
152
1038
1034
14
98
1005
1001
197
130
194
74
1034
1088
14
1084
1090
1035
1035
1035
1080
1081
202
30
1010
1046
1052
134
6
1076
186
200
1048
135
1078
106
130
161
1059
1062
10
135
1017
1022
82
1005
82
83
1038
94
1059
1015
1038
200
1088
1028
19
203
21
1066
106
1022
92
158
200
203
198
57
134
21
27
199
14
166
64
74
1023
79
8
152
1020
1090
1091
1063
182
1002
1034
1073
1012
1102
198
1035
1076
145
23
1038
5
1058
1043
1102
14
1038
165
131
1011
1062
1099
1101
6
183
1080
1058
1059
185
79
47
1098
1076
17
1054
1080
1043
1078
1024
1002
12
79
174
21
1007
194
12
1103
1073
98
1094
23
53
1063
194
1085
102
158
1104
1084
44
4
1050
1036
1101
1053
1059
21
1083
83
1090
198
1038
1008
164
1056
1028
1052
82
57
158
1022
67
153
1028
1002
21
186
1040
1006
1031
18
72
1009
47
1074
1089
1088
1032
1016
82
1090
1035
44
21
164
1028
10
8
74
1023
57
1048
203
57
83
1076
166
23
1090
1043
102
1073
48
1081
93
1010
1079
94
27
169
145
17
1103
30
1016
1083
1037
165
94
17
1016
1093
1079
106
1094
1009
1011
94
153
1033
1066
94
79
183
1070
198
1037
200
3
14
30
121
1099
1102
200
12
56
1040
1061
72
1024
1069
79
185
19
1048
1101
1022
15
1089
1099
80
1093
1027
1003
1014
19
1023
153
1071
153
82
143
96
1053
1075
17
1099
27
74
67
1048
106
1081
1001
1033
1102
1028
158
141
184
1076
83
1043
1075
1075
194
134
1035
1039
198
1003
47
143
198
1089
1035
173
74
48
1081
93
1024
57
74
1075
102
42
1081
27
1099
1016
1079
1029
1102
82
1016
48
167
1104
1037
79
1034
1053
1017
1028
1006
1045
1104
57
34
1075
184
1064
1103
22
1087
1036
1005
146
184
56
1068
127
1034
198
1055
1043
74
1073
1089
1084
1035
1080
56
1053
80
48
1024
1101
1016
67
21
1009
42
1081
145
197
21
15
14
106
123
1079
6
161
1069
200
1014
96
1048
163
1089
57
1090
1028
1073
8
1022
27
164
1017
83
23
6
1104
1004
12
1008
1089
1081
169
94
1068
1067
1011
1055
1098
143
198
169
1038
1018
1035
3
130
1085
1035
1051
21
123
74
1034
1101
1039
8
1029
186
8
1040
1083
1034
1090
102
1056
1081
1062
24
80
21
1007
1073
173
1049
1074
94
1103
1059
153
166
1069
130
48
14
33
8
1069
6
159
44
53
1099
1054
1015
1080
1022
47
1072
1035
197
94
23
17
173
1023
134
1052
1057
106
166
1069
27
200
1090
6
56
6
1059
98
93
198
200
1008
1078
34
194
1068
34
21
143
1057
1076
1063
177
57
106
1090
184
98
57
128
84
4
1052
202
1024
1084
80
1064
1052
74
1095
56
1066
198
1059
1074
53
106
80
1085
194
1101
106
1008
6
1095
6
1001
8
1094
145
1075
72
4
1104
159
194
169
1023
1035
80
173
74
8
1091
145
158
197
98
106
153
96
182
7
64
80
1003
100
1002
22
96
1029
10
1014
1095
57
1069
157
1048
14
3
1016
6
67
183
96
10
1073
1055
1058
84
1016
106
94
17
98
149
1095
1086
1029
106
143
1009
1092
167
1036
80
22
164
1009
1081
141
1090
165
194
203
1002
131
1051
1080
44
164
202
1009
88
1074
1042
1001
1060
1014
1028
149
1027
1084
1075
67
34
1087
200
47
10
1014
1023
1090
42
145
141
1081
166
1010
1079
1042
1080
1023
1080
1072
1034
1034
1051
166
158
96
173
1103
1056
42
184
183
72
1016
98
8
1034
1028
174
17
152
30
1040
1078
21
8
106
153
83
1035
80
149
1036
1034
1068
1010
53
184
1090
1048
42
152
198
183
17
1068
1002
57
1032
1084
94
48
157
1070
136
1008
135
1010
1024
1022
183
82
67
1052
185
145
44
1076
1099
197
88
1060
1099
1010
1016
1002
94
1051
164
134
6
1095
1007
123
1034
17
102
165
1084
1080
1024
197
1103
88
82
1094
1091
1009
1066
1093
197
83
44
48
1055
1016
194
143
164
1033
149
56
1028
165
1018
1029
98
1074
1104
199
184
100
1053
203
1015
198
1068
102
1100
12
173
106
200
200
1075
1024
169
158
1059
1065
1103
1037
19
1081
131
1038
1025
1028
1004
182
194
1075
56
47
1057
109
106
1043
1059
72
1015
121
1090
1088
1040
141
1061
1064
1102
1095
1088
109
67
23
83
1103
1024
56
1090
1056
3
1052
34
1100
1073
197
1038
14
1011
136
1007
8
200
145
1099
1087
165
94
102
96
1040
7
174
1059
1038
1054
1031
1045
1023
6
174
96
1012
1007
1088
197
1081
1015
135
200
1042
27
88
123
1002
22
1075
165
1029
145
92
82
53
