100 5050
798740804 751592680 890756272 622096414 695209460 366339150 954840824 117770581 643404978 186848529 633304829 200176299 997790405 605419000 741867102 60366924 941328007 71280709 409666658 34117953 689784229 344140765 637022423 261349546 632632129 502650524 880740596 493946703 625917760 248473836 632701541 594523834 753993235 173045264 585642776 142983953 693463611 124327984 660331736 266189468 403014734 50990455 210334890 162603624 999933884 805301496 992546435 136673063 769174783 518494150 880925007 756295725 991053736 422805158 906458845 94255303 102477752 62689306 695957957 685538349 797601804 542779524 976575230 168893197 518782079 290287550 731107817 437435337 511036055 329449184 795208654 323855794 586095657 388252338 873024800 481035822 559884906 259271320 407001854 358920199 699593254 382796803 712357379 288230091 328644391 6381651 103865803 89777123 637047808 292253296 866076612 720870372 953548440 549481479 907987032 483476511 908708522 233013380 960276959 857507535
2 1 1 72227579
2 1 2 179213092
2 1 3 666584278
2 1 4 780632592
2 1 5 762889739
2 1 6 61544331
2 1 7 880354064
2 1 8 997875082
2 1 9 133136870
2 1 10 745044292
2 1 11 554054470
2 1 12 843188835
2 1 13 163437203
2 1 14 656980276
2 1 15 123109933
2 1 16 363356767
2 1 17 222630523
2 1 18 997651148
2 1 19 299605270
2 1 20 819401443
2 1 21 955336891
2 1 22 54340088
2 1 23 459370564
2 1 24 6805964
2 1 25 588661756
2 1 26 936012638
2 1 27 202637780
2 1 28 965927805
2 1 29 669237192
2 1 30 458956368
2 1 31 476143611
2 1 32 125583229
2 1 33 484940199
2 1 34 660439362
2 1 35 255093522
2 1 36 775515783
2 1 37 859470253
2 1 38 864234124
2 1 39 140443393
2 1 40 161567374
2 1 41 678590201
2 1 42 698410635
2 1 43 788114983
2 1 44 24478467
2 1 45 869956842
2 1 46 857001482
2 1 47 662183904
2 1 48 649119709
2 1 49 189302396
2 1 50 115794537
2 1 51 373662124
2 1 52 503879407
2 1 53 143908800
2 1 54 889218369
2 1 55 506575462
2 1 56 352631592
2 1 57 879087676
2 1 58 568251252
2 1 59 741676731
2 1 60 987273564
2 1 61 633191303
2 1 62 478518259
2 1 63 530628034
2 1 64 2342624
2 1 65 929692295
2 1 66 959563720
2 1 67 114640717
2 1 68 361979738
2 1 69 575300603
2 1 70 288072863
2 1 71 498213163
2 1 72 350037912
2 1 73 794622118
2 1 74 229932412
2 1 75 944235343
2 1 76 858313425
2 1 77 260531577
2 1 78 808519232
2 1 79 185656326
2 1 80 336555871
2 1 81 231815877
2 1 82 471449397
2 1 83 170649619
2 1 84 568781005
2 1 85 532632018
2 1 86 59309312
2 1 87 64333034
2 1 88 333891604
2 1 89 33467438
2 1 90 796336830
2 1 91 91988577
2 1 92 954363551
2 1 93 90839413
2 1 94 827928204
2 1 95 181824674
2 1 96 535936066
2 1 97 717483871
2 1 98 705180057
2 1 99 828806451
2 1 100 423050535
2 2 2 289128688
2 2 3 895372507
2 2 4 236169403
2 2 5 909837597
2 2 6 11170000
2 2 7 467425422
2 2 8 967417860
2 2 9 496496290
2 2 10 848269185
2 2 11 68294623
2 2 12 463003913
2 2 13 961735481
2 2 14 937311291
2 2 15 184592391
2 2 16 488377963
2 2 17 797340809
2 2 18 432552343
2 2 19 689101679
2 2 20 546254419
2 2 21 182414999
2 2 22 377524535
2 2 23 796472065
2 2 24 596559904
2 2 25 24695912
2 2 26 850239033
2 2 27 571934381
2 2 28 100297729
2 2 29 899942722
2 2 30 703883165
2 2 31 864891081
2 2 32 403921666
2 2 33 155583540
2 2 34 227929611
2 2 35 536870666
2 2 36 548239188
2 2 37 901334539
2 2 38 714789786
2 2 39 653934088
2 2 40 580551342
2 2 41 918868465
2 2 42 881939861
2 2 43 905271500
2 2 44 205285489
2 2 45 605424185
2 2 46 417392629
2 2 47 833395981
2 2 48 570534728
2 2 49 112273255
2 2 50 499937227
2 2 51 404509864
2 2 52 897055933
2 2 53 602802650
2 2 54 692987681
2 2 55 140675651
2 2 56 981945064
2 2 57 23342709
2 2 58 929275784
2 2 59 525168602
2 2 60 610085908
2 2 61 623908970
2 2 62 920100756
2 2 63 594926155
2 2 64 360571676
2 2 65 564132876
2 2 66 793090811
2 2 67 879267068
2 2 68 716418690
2 2 69 606314408
2 2 70 977758334
2 2 71 170640175
2 2 72 984119236
2 2 73 473158660
2 2 74 860994251
2 2 75 830991952
2 2 76 165730529
2 2 77 910564742
2 2 78 477139132
2 2 79 773778798
2 2 80 41601380
2 2 81 772667062
2 2 82 870685506
2 2 83 181440159
2 2 84 683500934
2 2 85 636000702
2 2 86 682390622
2 2 87 484521376
2 2 88 264057408
2 2 89 849506913
2 2 90 165081547
2 2 91 320347881
2 2 92 60917235
2 2 93 866399655
2 2 94 639129376
2 2 95 746347052
2 2 96 555659677
2 2 97 143296957
2 2 98 104190214
2 2 99 164946368
2 2 100 381952505
2 3 3 121376298
2 3 4 829891262
2 3 5 175467770
2 3 6 639680543
2 3 7 781535409
2 3 8 170414782
2 3 9 631069877
2 3 10 694985878
2 3 11 171750306
2 3 12 819894194
2 3 13 980366394
2 3 14 714009817
2 3 15 993951926
2 3 16 940780872
2 3 17 823023482
2 3 18 130319588
2 3 19 125410898
2 3 20 762508181
2 3 21 348998606
2 3 22 157366962
2 3 23 625982782
2 3 24 689579296
2 3 25 276048726
2 3 26 74521957
2 3 27 515117553
2 3 28 320805912
2 3 29 719836581
2 3 30 130838276
2 3 31 21629402
2 3 32 438057232
2 3 33 244698678
2 3 34 231515016
2 3 35 904739029
2 3 36 171751751
2 3 37 763717668
2 3 38 723015739
2 3 39 921092727
2 3 40 344537057
2 3 41 258382437
2 3 42 283113580
2 3 43 328911200
2 3 44 548970568
2 3 45 271143053
2 3 46 264698550
2 3 47 32253550
2 3 48 747652370
2 3 49 162005561
2 3 50 510647481
2 3 51 152234432
2 3 52 351073389
2 3 53 24197047
2 3 54 305017583
2 3 55 803858639
2 3 56 663339553
2 3 57 364669798
2 3 58 103230671
2 3 59 345362622
2 3 60 233064760
2 3 61 524854685
2 3 62 690346549
2 3 63 298196958
2 3 64 824260064
2 3 65 346622971
2 3 66 849293114
2 3 67 985797110
2 3 68 607567249
2 3 69 531133321
2 3 70 691336631
2 3 71 26232204
2 3 72 478791283
2 3 73 838302286
2 3 74 485098462
2 3 75 360490460
2 3 76 147569900
2 3 77 574076879
2 3 78 983438321
2 3 79 820732747
2 3 80 29787329
2 3 81 78140598
2 3 82 801074858
2 3 83 251914070
2 3 84 755278694
2 3 85 733745832
2 3 86 68756723
2 3 87 941022982
2 3 88 173847500
2 3 89 699000065
2 3 90 678116705
2 3 91 191852627
2 3 92 8134648
2 3 93 3182218
2 3 94 139858755
2 3 95 906296500
2 3 96 13122045
2 3 97 308811343
2 3 98 78672345
2 3 99 11531914
2 3 100 806847148
2 4 4 738682930
2 4 5 769957085
2 4 6 728710357
2 4 7 769281403
2 4 8 843471208
2 4 9 985133153
2 4 10 864017488
2 4 11 623499707
2 4 12 962983485
2 4 13 825113755
2 4 14 149256945
2 4 15 170771699
2 4 16 378672213
2 4 17 193219621
2 4 18 783455998
2 4 19 124201465
2 4 20 358621697
2 4 21 923187721
2 4 22 113946819
2 4 23 937499986
2 4 24 218922476
2 4 25 371901823
2 4 26 306696239
2 4 27 133206272
2 4 28 90263603
2 4 29 677587526
2 4 30 381504810
2 4 31 243933698
2 4 32 517450540
2 4 33 874466265
2 4 34 207224489
2 4 35 442799368
2 4 36 240145083
2 4 37 133983158
2 4 38 881480079
2 4 39 658938813
2 4 40 478467000
2 4 41 928699866
2 4 42 665349278
2 4 43 171507296
2 4 44 732642322
2 4 45 614485585
2 4 46 872876633
2 4 47 752231813
2 4 48 760317659
2 4 49 179134237
2 4 50 834237244
2 4 51 403687548
2 4 52 482874385
2 4 53 155405035
2 4 54 183725330
2 4 55 515414417
2 4 56 704040070
2 4 57 350107922
2 4 58 682705228
2 4 59 314386531
2 4 60 878869827
2 4 61 995396138
2 4 62 45040218
2 4 63 585984978
2 4 64 450262708
2 4 65 576290219
2 4 66 520895602
2 4 67 111542447
2 4 68 612792273
2 4 69 164897083
2 4 70 185469631
2 4 71 419142483
2 4 72 168206862
2 4 73 525128136
2 4 74 551407326
2 4 75 101692332
2 4 76 855680791
2 4 77 581526945
2 4 78 189676353
2 4 79 730923037
2 4 80 810319653
2 4 81 988144629
2 4 82 281023615
2 4 83 301036722
2 4 84 419941166
2 4 85 646330160
2 4 86 621642455
2 4 87 971984215
2 4 88 403542118
2 4 89 120630889
2 4 90 174390977
2 4 91 138085659
2 4 92 464278614
2 4 93 837712903
2 4 94 882057397
2 4 95 318436869
2 4 96 839940919
2 4 97 144501307
2 4 98 887744093
2 4 99 134227201
2 4 100 299896498
2 5 5 793955602
2 5 6 671274472
2 5 7 114981610
2 5 8 918139238
2 5 9 589900067
2 5 10 347326395
2 5 11 832211379
2 5 12 432457869
2 5 13 934571126
2 5 14 899028215
2 5 15 236204757
2 5 16 929421752
2 5 17 154459817
2 5 18 898779248
2 5 19 768020642
2 5 20 632352060
2 5 21 490696216
2 5 22 856561239
2 5 23 794699881
2 5 24 396884974
2 5 25 638734651
2 5 26 428333254
2 5 27 421488660
2 5 28 284762214
2 5 29 126969884
2 5 30 795127346
2 5 31 515454383
2 5 32 811196281
2 5 33 723046963
2 5 34 154146540
2 5 35 855680949
2 5 36 613383123
2 5 37 935110511
2 5 38 107857296
2 5 39 413632473
2 5 40 185519429
2 5 41 90833740
2 5 42 852933799
2 5 43 749052408
2 5 44 474141912
2 5 45 441858726
2 5 46 573196298
2 5 47 513566354
2 5 48 726705149
2 5 49 787371361
2 5 50 213767537
2 5 51 395836100
2 5 52 801533553
2 5 53 373537556
2 5 54 98359610
2 5 55 553056267
2 5 56 119801492
2 5 57 657980708
2 5 58 563957855
2 5 59 112101159
2 5 60 7687884
2 5 61 482274157
2 5 62 477879253
2 5 63 933802986
2 5 64 999181124
2 5 65 488764004
2 5 66 252422741
2 5 67 800238615
2 5 68 842190993
2 5 69 524376967
2 5 70 177364291
2 5 71 602092753
2 5 72 413191723
2 5 73 701943018
2 5 74 756562035
2 5 75 197448129
2 5 76 168635602
2 5 77 716075899
2 5 78 362122319
2 5 79 516394928
2 5 80 520720650
2 5 81 170965302
2 5 82 464528739
2 5 83 404309184
2 5 84 896340617
2 5 85 720726358
2 5 86 12012426
2 5 87 725534740
2 5 88 582021545
2 5 89 977981182
2 5 90 175008070
2 5 91 53421427
2 5 92 842244672
2 5 93 90063266
2 5 94 474186188
2 5 95 501952528
2 5 96 322912130
2 5 97 11819898
2 5 98 766667244
2 5 99 175880098
2 5 100 394042039
2 6 6 530011950
2 6 7 445217429
2 6 8 542779434
2 6 9 85867253
2 6 10 767616885
2 6 11 808005087
2 6 12 713121457
2 6 13 956494666
2 6 14 951121794
2 6 15 926729485
2 6 16 471405864
2 6 17 915994983
2 6 18 983577219
2 6 19 375035934
2 6 20 261811533
2 6 21 409493918
2 6 22 459762286
2 6 23 762556142
2 6 24 473338360
2 6 25 294001585
2 6 26 934473684
2 6 27 725836284
2 6 28 333389765
2 6 29 29340018
2 6 30 570845270
2 6 31 689703674
2 6 32 692330359
2 6 33 98915158
2 6 34 422235303
2 6 35 211810611
2 6 36 262973723
2 6 37 86179236
2 6 38 679136293
2 6 39 585531146
2 6 40 166570188
2 6 41 962677076
2 6 42 93095673
2 6 43 347993361
2 6 44 971240598
2 6 45 406083461
2 6 46 716454501
2 6 47 953020495
2 6 48 619003932
2 6 49 345545113
2 6 50 780612201
2 6 51 116628017
2 6 52 376674198
2 6 53 185160471
2 6 54 321066084
2 6 55 4158682
2 6 56 361197945
2 6 57 290383897
2 6 58 540020257
2 6 59 290352195
2 6 60 783888200
2 6 61 648147884
2 6 62 717463422
2 6 63 289386163
2 6 64 90442673
2 6 65 639570051
2 6 66 918432067
2 6 67 339569898
2 6 68 940548139
2 6 69 938125470
2 6 70 334280808
2 6 71 978152514
2 6 72 287668961
2 6 73 35443259
2 6 74 634758983
2 6 75 618192232
2 6 76 375207166
2 6 77 944995728
2 6 78 401788460
2 6 79 713790791
2 6 80 62217832
2 6 81 830635351
2 6 82 444569279
2 6 83 396919543
2 6 84 364010365
2 6 85 75015087
2 6 86 413272119
2 6 87 364949868
2 6 88 161424186
2 6 89 737882842
2 6 90 905858991
2 6 91 576624157
2 6 92 830538846
2 6 93 800539280
2 6 94 659978444
2 6 95 534644709
2 6 96 149877995
2 6 97 329451668
2 6 98 122076242
2 6 99 639762451
2 6 100 423223281
2 7 7 347039713
2 7 8 558328191
2 7 9 705504667
2 7 10 790219307
2 7 11 730946382
2 7 12 101023847
2 7 13 502185122
2 7 14 751409903
2 7 15 98141031
2 7 16 832936025
2 7 17 867272659
2 7 18 384350409
2 7 19 307653423
2 7 20 940725581
2 7 21 828568243
2 7 22 37107923
2 7 23 403848731
2 7 24 708024034
2 7 25 279630344
2 7 26 915790943
2 7 27 26769704
2 7 28 101086227
2 7 29 898803500
2 7 30 260871631
2 7 31 556001004
2 7 32 391034484
2 7 33 918089378
2 7 34 910301913
2 7 35 690490392
2 7 36 99786424
2 7 37 752464935
2 7 38 471619221
2 7 39 98287004
2 7 40 815398142
2 7 41 818267828
2 7 42 663595763
2 7 43 964429181
2 7 44 399877765
2 7 45 311051499
2 7 46 885794697
2 7 47 254001541
2 7 48 838403702
2 7 49 776230372
2 7 50 253372129
2 7 51 120339962
2 7 52 567513697
2 7 53 748054113
2 7 54 137990974
2 7 55 906555466
2 7 56 352313962
2 7 57 450820916
2 7 58 438177048
2 7 59 754361111
2 7 60 877676560
2 7 61 116680395
2 7 62 440935755
2 7 63 237109848
2 7 64 397115111
2 7 65 444636028
2 7 66 399383782
2 7 67 133298343
2 7 68 542327525
2 7 69 323009050
2 7 70 369224626
2 7 71 448507056
2 7 72 891667961
2 7 73 52791104
2 7 74 665655665
2 7 75 958635958
2 7 76 35001867
2 7 77 877629665
2 7 78 348426832
2 7 79 448797774
2 7 80 231364937
2 7 81 355312343
2 7 82 267945708
2 7 83 100892791
2 7 84 742894355
2 7 85 829612536
2 7 86 596030199
2 7 87 259609159
2 7 88 774680165
2 7 89 889430153
2 7 90 455883141
2 7 91 256343268
2 7 92 600200838
2 7 93 389909779
2 7 94 229774163
2 7 95 155917438
2 7 96 101573325
2 7 97 927399490
2 7 98 887405689
2 7 99 483734319
2 7 100 494706132
2 8 8 196169511
2 8 9 389290150
2 8 10 16133917
2 8 11 995596720
2 8 12 426111094
2 8 13 739321099
2 8 14 476399337
2 8 15 458102674
2 8 16 444742209
2 8 17 389946444
2 8 18 763331141
2 8 19 58249328
2 8 20 71684893
2 8 21 665320308
2 8 22 431416222
2 8 23 396618395
2 8 24 294717265
2 8 25 595359841
2 8 26 618761019
2 8 27 362663821
2 8 28 706146435
2 8 29 606687440
2 8 30 128099110
2 8 31 35718262
2 8 32 231020893
2 8 33 148312430
2 8 34 906716117
2 8 35 994440577
2 8 36 121723166
2 8 37 379322093
2 8 38 723027536
2 8 39 158793873
2 8 40 119602640
2 8 41 142612317
2 8 42 762378890
2 8 43 537489208
2 8 44 77706423
2 8 45 322292668
2 8 46 712686768
2 8 47 251270522
2 8 48 392094545
2 8 49 810185630
2 8 50 839338640
2 8 51 589085636
2 8 52 720402735
2 8 53 970468647
2 8 54 533691921
2 8 55 181299663
2 8 56 973289023
2 8 57 620765624
2 8 58 966552194
2 8 59 179902111
2 8 60 356012490
2 8 61 97413367
2 8 62 638269601
2 8 63 846165441
2 8 64 373499022
2 8 65 852152014
2 8 66 327298487
2 8 67 608449379
2 8 68 548953319
2 8 69 573574722
2 8 70 155564828
2 8 71 333110810
2 8 72 940129798
2 8 73 79255979
2 8 74 918805515
2 8 75 407535022
2 8 76 976180361
2 8 77 576078659
2 8 78 75564397
2 8 79 26218215
2 8 80 15047051
2 8 81 353176544
2 8 82 2776971
2 8 83 798238548
2 8 84 817768474
2 8 85 693121318
2 8 86 415518964
2 8 87 276402156
2 8 88 946768797
2 8 89 444119649
2 8 90 434724227
2 8 91 550823882
2 8 92 388468298
2 8 93 729940981
2 8 94 947044903
2 8 95 886034305
2 8 96 755238858
2 8 97 979008228
2 8 98 585867739
2 8 99 261659956
2 8 100 894392837
2 9 9 819712139
2 9 10 486566602
2 9 11 695197709
2 9 12 155859626
2 9 13 778166862
2 9 14 411038753
2 9 15 208858077
2 9 16 685017372
2 9 17 755673091
2 9 18 292190655
2 9 19 821271421
2 9 20 718716188
2 9 21 182569517
2 9 22 390814137
2 9 23 388711688
2 9 24 539796075
2 9 25 489830331
2 9 26 541505659
2 9 27 808939392
2 9 28 839171399
2 9 29 44043345
2 9 30 13758245
2 9 31 313857229
2 9 32 985386942
2 9 33 17532873
2 9 34 616379375
2 9 35 375152444
2 9 36 313810988
2 9 37 834897061
2 9 38 759424288
2 9 39 315952182
2 9 40 372504986
2 9 41 137702488
2 9 42 148180106
2 9 43 528876780
2 9 44 652146551
2 9 45 630500461
2 9 46 601008774
2 9 47 346699810
2 9 48 118391628
2 9 49 670755704
2 9 50 711959563
2 9 51 181429078
2 9 52 924173924
2 9 53 548763656
2 9 54 65112282
2 9 55 459296390
2 9 56 830881131
2 9 57 574807104
2 9 58 99110329
2 9 59 6197459
2 9 60 963134878
2 9 61 152735759
2 9 62 401561318
2 9 63 119018209
2 9 64 556256814
2 9 65 303945953
2 9 66 943292592
2 9 67 459952346
2 9 68 134841652
2 9 69 7751470
2 9 70 166037713
2 9 71 789666904
2 9 72 4592967
2 9 73 324560945
2 9 74 577238325
2 9 75 514007200
2 9 76 346851321
2 9 77 411997077
2 9 78 793195232
2 9 79 375490933
2 9 80 419002130
2 9 81 379182205
2 9 82 54158138
2 9 83 152052788
2 9 84 778897359
2 9 85 168274963
2 9 86 293191056
2 9 87 540451546
2 9 88 511572141
2 9 89 911537768
2 9 90 657363781
2 9 91 965868994
2 9 92 592616534
2 9 93 391372735
2 9 94 722716108
2 9 95 30560922
2 9 96 170091567
2 9 97 335249659
2 9 98 393219098
2 9 99 401128853
2 9 100 263274774
2 10 10 414978547
2 10 11 161130190
2 10 12 981708667
2 10 13 733163357
2 10 14 678224164
2 10 15 110983749
2 10 16 414678937
2 10 17 490045545
2 10 18 213824338
2 10 19 846058886
2 10 20 665538414
2 10 21 659782421
2 10 22 89018438
2 10 23 432284717
2 10 24 522167204
2 10 25 924852128
2 10 26 709142603
2 10 27 260819306
2 10 28 544058219
2 10 29 806525679
2 10 30 447393484
2 10 31 336370789
2 10 32 445901288
2 10 33 146332931
2 10 34 2181374
2 10 35 681078713
2 10 36 302032769
2 10 37 828037210
2 10 38 185028142
2 10 39 530250771
2 10 40 633620641
2 10 41 518556732
2 10 42 74132095
2 10 43 401663391
2 10 44 611257188
2 10 45 693077879
2 10 46 719449994
2 10 47 101376427
2 10 48 223979003
2 10 49 43542668
2 10 50 230230511
2 10 51 99102148
2 10 52 602024603
2 10 53 129802720
2 10 54 829690829
2 10 55 932054606
2 10 56 69900564
2 10 57 396972576
2 10 58 19533474
2 10 59 936957019
2 10 60 328029222
2 10 61 896786804
2 10 62 869706818
2 10 63 714403458
2 10 64 649934722
2 10 65 622980152
2 10 66 453767393
2 10 67 391508514
2 10 68 35468608
2 10 69 574724441
2 10 70 498958495
2 10 71 925146200
2 10 72 460794486
2 10 73 647543862
2 10 74 959035892
2 10 75 471380573
2 10 76 69302243
2 10 77 346529924
2 10 78 961148838
2 10 79 806743438
2 10 80 173497067
2 10 81 352252047
2 10 82 938286082
2 10 83 826021955
2 10 84 33102410
2 10 85 481005285
2 10 86 916469794
2 10 87 273335271
2 10 88 437003879
2 10 89 40096800
2 10 90 250670484
2 10 91 992256767
2 10 92 251797856
2 10 93 557568988
2 10 94 438428527
2 10 95 450654049
2 10 96 321217716
2 10 97 169532308
2 10 98 715293921
2 10 99 282116184
2 10 100 281696891
2 11 11 562204394
2 11 12 752027844
2 11 13 250613007
2 11 14 151844758
2 11 15 723763835
2 11 16 508003709
2 11 17 192123158
2 11 18 393903838
2 11 19 409163384
2 11 20 497178881
2 11 21 34213805
2 11 22 992412250
2 11 23 128533458
2 11 24 658517715
2 11 25 751803879
2 11 26 436865117
2 11 27 124880967
2 11 28 689531534
2 11 29 600476084
2 11 30 106993144
2 11 31 779575809
2 11 32 231156600
2 11 33 637190731
2 11 34 170995987
2 11 35 763238757
2 11 36 137472158
2 11 37 541712109
2 11 38 335538447
2 11 39 513287829
2 11 40 330656883
2 11 41 21038129
2 11 42 83174900
2 11 43 648781779
2 11 44 42583256
2 11 45 401663514
2 11 46 658838702
2 11 47 969988590
2 11 48 431534029
2 11 49 249959053
2 11 50 529267246
2 11 51 61948831
2 11 52 670728077
2 11 53 392441213
2 11 54 136505061
2 11 55 630984792
2 11 56 797338196
2 11 57 877361513
2 11 58 596331734
2 11 59 749861933
2 11 60 432412959
2 11 61 595016283
2 11 62 435100399
2 11 63 749631371
2 11 64 414474250
2 11 65 764485026
2 11 66 598940043
2 11 67 474807162
2 11 68 843531272
2 11 69 37439616
2 11 70 700388040
2 11 71 119132989
2 11 72 450624957
2 11 73 734918605
2 11 74 107950501
2 11 75 759766874
2 11 76 432686159
2 11 77 335307748
2 11 78 587885792
2 11 79 909788658
2 11 80 130868613
2 11 81 273071361
2 11 82 691233722
2 11 83 62564400
2 11 84 660109970
2 11 85 840433185
2 11 86 688735356
2 11 87 247511552
2 11 88 971747586
2 11 89 597659110
2 11 90 832322410
2 11 91 295716315
2 11 92 273443886
2 11 93 797231752
2 11 94 108125166
2 11 95 992108053
2 11 96 382125478
2 11 97 149952097
2 11 98 718226994
2 11 99 693063179
2 11 100 831159570
2 12 12 43590932
2 12 13 528876326
2 12 14 684229301
2 12 15 782200213
2 12 16 462562841
2 12 17 959362556
2 12 18 488779232
2 12 19 620798838
2 12 20 194928322
2 12 21 854026169
2 12 22 163015407
2 12 23 620693993
2 12 24 469172255
2 12 25 869780740
2 12 26 491916104
2 12 27 585206481
2 12 28 572961922
2 12 29 95059098
2 12 30 979029153
2 12 31 812318056
2 12 32 324205286
2 12 33 355956126
2 12 34 911433796
2 12 35 577354495
2 12 36 945221990
2 12 37 364904753
2 12 38 366174586
2 12 39 299479416
2 12 40 146326938
2 12 41 926983585
2 12 42 862343089
2 12 43 720916864
2 12 44 104162091
2 12 45 937503861
2 12 46 412525200
2 12 47 750954710
2 12 48 560788698
2 12 49 827624307
2 12 50 882197674
2 12 51 551608349
2 12 52 99917211
2 12 53 240784624
2 12 54 157031498
2 12 55 335906020
2 12 56 625492411
2 12 57 866747278
2 12 58 108451781
2 12 59 361378527
2 12 60 526409859
2 12 61 454494275
2 12 62 539242042
2 12 63 314572807
2 12 64 693714359
2 12 65 99456538
2 12 66 744081846
2 12 67 62891048
2 12 68 995969067
2 12 69 512643116
2 12 70 957250927
2 12 71 38279030
2 12 72 16089554
2 12 73 484188827
2 12 74 373187613
2 12 75 343643408
2 12 76 685031622
2 12 77 606215280
2 12 78 815032059
2 12 79 926524590
2 12 80 340076713
2 12 81 972879265
2 12 82 542602130
2 12 83 854241149
2 12 84 73947607
2 12 85 757824769
2 12 86 283427576
2 12 87 957104114
2 12 88 781449421
2 12 89 902860588
2 12 90 637722772
2 12 91 190184890
2 12 92 920106763
2 12 93 237085605
2 12 94 379713764
2 12 95 887336710
2 12 96 693781522
2 12 97 618743569
2 12 98 697564492
2 12 99 884595555
2 12 100 771803252
2 13 13 37825902
2 13 14 924796474
2 13 15 928013741
2 13 16 352712096
2 13 17 588511213
2 13 18 670450537
2 13 19 52475149
2 13 20 233091209
2 13 21 768912067
2 13 22 942135776
2 13 23 274967628
2 13 24 965145369
2 13 25 924570644
2 13 26 200217188
2 13 27 894717558
2 13 28 424726052
2 13 29 341048105
2 13 30 984489866
2 13 31 28248738
2 13 32 91828527
2 13 33 384448764
2 13 34 427052432
2 13 35 578779245
2 13 36 40593438
2 13 37 380907460
2 13 38 425381038
2 13 39 953379716
2 13 40 53054901
2 13 41 722427105
2 13 42 60081683
2 13 43 809958930
2 13 44 683268675
2 13 45 797509060
2 13 46 522661060
2 13 47 932346115
2 13 48 864628396
2 13 49 556444157
2 13 50 791039161
2 13 51 967455686
2 13 52 352226927
2 13 53 33395456
2 13 54 147801115
2 13 55 569459066
2 13 56 295111074
2 13 57 253345957
2 13 58 754057314
2 13 59 51569762
2 13 60 734632023
2 13 61 10078481
2 13 62 366589974
2 13 63 509133908
2 13 64 615079320
2 13 65 592550810
2 13 66 824431038
2 13 67 975107673
2 13 68 197095049
2 13 69 273817228
2 13 70 344237818
2 13 71 195863587
2 13 72 954027426
2 13 73 704470755
2 13 74 561032267
2 13 75 646910800
2 13 76 720149244
2 13 77 348908075
2 13 78 283816102
2 13 79 415032537
2 13 80 550886874
2 13 81 415800566
2 13 82 234086280
2 13 83 494058951
2 13 84 945490591
2 13 85 14295518
2 13 86 20427630
2 13 87 494001853
2 13 88 16573884
2 13 89 550186199
2 13 90 855357970
2 13 91 999115178
2 13 92 691051885
2 13 93 753332026
2 13 94 410034334
2 13 95 936342266
2 13 96 621439633
2 13 97 623436708
2 13 98 203687055
2 13 99 796374392
2 13 100 341727345
2 14 14 438488551
2 14 15 969336210
2 14 16 66122484
2 14 17 313074794
2 14 18 9864942
2 14 19 167689656
2 14 20 297837787
2 14 21 907670617
2 14 22 639093241
2 14 23 676324073
2 14 24 505777407
2 14 25 182300163
2 14 26 527580452
2 14 27 765337655
2 14 28 856590405
2 14 29 177621099
2 14 30 284185571
2 14 31 642170485
2 14 32 906650828
2 14 33 968880989
2 14 34 878209859
2 14 35 290962331
2 14 36 425496250
2 14 37 21674522
2 14 38 479965863
2 14 39 986152351
2 14 40 207586704
2 14 41 754459369
2 14 42 103069375
2 14 43 397096855
2 14 44 437423112
2 14 45 428621373
2 14 46 610166936
2 14 47 417240610
2 14 48 948940103
2 14 49 124065140
2 14 50 48206225
2 14 51 397456262
2 14 52 315582681
2 14 53 635117013
2 14 54 595794353
2 14 55 503534566
2 14 56 857826922
2 14 57 171225846
2 14 58 121900482
2 14 59 390996638
2 14 60 287198919
2 14 61 676587968
2 14 62 19522363
2 14 63 14765174
2 14 64 290586854
2 14 65 974425232
2 14 66 534251229
2 14 67 584187438
2 14 68 444403498
2 14 69 115533807
2 14 70 246014040
2 14 71 592925198
2 14 72 451595911
2 14 73 352959120
2 14 74 22488930
2 14 75 76760660
2 14 76 974041551
2 14 77 11155642
2 14 78 118786501
2 14 79 236779995
2 14 80 819549989
2 14 81 702939240
2 14 82 605564494
2 14 83 727820085
2 14 84 874512883
2 14 85 234972018
2 14 86 626550994
2 14 87 289300773
2 14 88 923466910
2 14 89 959191270
2 14 90 512968383
2 14 91 953208597
2 14 92 376316677
2 14 93 638564172
2 14 94 316050630
2 14 95 423972703
2 14 96 222531834
2 14 97 660394454
2 14 98 45851634
2 14 99 811628593
2 14 100 288230869
2 15 15 965560001
2 15 16 720013147
2 15 17 814954013
2 15 18 879638410
2 15 19 571933911
2 15 20 133455801
2 15 21 733009769
2 15 22 987975794
2 15 23 768775500
2 15 24 764195527
2 15 25 459729977
2 15 26 405849672
2 15 27 483321118
2 15 28 68401829
2 15 29 993815002
2 15 30 850897344
2 15 31 813778789
2 15 32 244769494
2 15 33 939533891
2 15 34 436301874
2 15 35 911799349
2 15 36 794511438
2 15 37 735049415
2 15 38 803327817
2 15 39 999830126
2 15 40 284236564
2 15 41 250348097
2 15 42 98464884
2 15 43 513302038
2 15 44 448958761
2 15 45 37325407
2 15 46 498064766
2 15 47 520188952
2 15 48 9337237
2 15 49 479341329
2 15 50 141269765
2 15 51 629085946
2 15 52 878286918
2 15 53 900445713
2 15 54 147836791
2 15 55 449703693
2 15 56 575551192
2 15 57 353957965
2 15 58 844144761
2 15 59 337776455
2 15 60 110906539
2 15 61 978033873
2 15 62 483932166
2 15 63 190918806
2 15 64 792787262
2 15 65 164913083
2 15 66 345082707
2 15 67 605631982
2 15 68 579551757
2 15 69 820198703
2 15 70 105569830
2 15 71 103518668
2 15 72 482907992
2 15 73 349347196
2 15 74 97063159
2 15 75 889866682
2 15 76 928707223
2 15 77 777298744
2 15 78 314476778
2 15 79 720018468
2 15 80 322143436
2 15 81 319050950
2 15 82 627673202
2 15 83 79255654
2 15 84 150011566
2 15 85 379146073
2 15 86 302071046
2 15 87 840830179
2 15 88 855495460
2 15 89 907823920
2 15 90 311635231
2 15 91 87450758
2 15 92 839354089
2 15 93 728863598
2 15 94 574167430
2 15 95 762943529
2 15 96 207003410
2 15 97 239689005
2 15 98 674666477
2 15 99 975252943
2 15 100 512317979
2 16 16 434854759
2 16 17 269791290
2 16 18 681456794
2 16 19 144958725
2 16 20 790906073
2 16 21 831084676
2 16 22 818563074
2 16 23 42293747
2 16 24 621893859
2 16 25 902442673
2 16 26 660064844
2 16 27 704096684
2 16 28 458837339
2 16 29 762503914
2 16 30 458591528
2 16 31 621037340
2 16 32 363282166
2 16 33 688815266
2 16 34 617741647
2 16 35 731441637
2 16 36 85792881
2 16 37 465660304
2 16 38 336143787
2 16 39 610550474
2 16 40 836352330
2 16 41 218624608
2 16 42 192161323
2 16 43 275961631
2 16 44 508244279
2 16 45 467575613
2 16 46 602761117
2 16 47 569516898
2 16 48 760970970
2 16 49 347101988
2 16 50 617599542
2 16 51 827052749
2 16 52 874860884
2 16 53 70464153
2 16 54 738483819
2 16 55 430963635
2 16 56 59059927
2 16 57 514344407
2 16 58 56160859
2 16 59 245772693
2 16 60 647705225
2 16 61 688702396
2 16 62 789587918
2 16 63 21990658
2 16 64 920450128
2 16 65 903502050
2 16 66 710096089
2 16 67 918063109
2 16 68 517751260
2 16 69 182024947
2 16 70 19280143
2 16 71 581101045
2 16 72 396466056
2 16 73 324297247
2 16 74 509626393
2 16 75 129874255
2 16 76 864193776
2 16 77 413981996
2 16 78 771576314
2 16 79 35165820
2 16 80 457403396
2 16 81 34975220
2 16 82 792127729
2 16 83 274585465
2 16 84 553213767
2 16 85 719487838
2 16 86 844936548
2 16 87 291693063
2 16 88 494562678
2 16 89 726087351
2 16 90 758555296
2 16 91 928756845
2 16 92 636582507
2 16 93 630016513
2 16 94 277668221
2 16 95 600275470
2 16 96 515915111
2 16 97 437301030
2 16 98 943570215
2 16 99 760264302
2 16 100 586148381
2 17 17 967555478
2 17 18 288656714
2 17 19 340619822
2 17 20 504997497
2 17 21 568449559
2 17 22 667439318
2 17 23 961374657
2 17 24 109655616
2 17 25 205210472
2 17 26 791609320
2 17 27 571005490
2 17 28 462962162
2 17 29 453392615
2 17 30 787059981
2 17 31 850574320
2 17 32 872114077
2 17 33 70514784
2 17 34 759248111
2 17 35 760107251
2 17 36 9446646
2 17 37 351589246
2 17 38 72696882
2 17 39 984969228
2 17 40 879843693
2 17 41 279470478
2 17 42 423395252
2 17 43 848431221
2 17 44 862271381
2 17 45 408092091
2 17 46 150160969
2 17 47 64610055
2 17 48 97101017
2 17 49 416339502
2 17 50 250905128
2 17 51 833528250
2 17 52 195015104
2 17 53 832521097
2 17 54 713887898
2 17 55 785185549
2 17 56 482141523
2 17 57 725324910
2 17 58 176093077
2 17 59 667950941
2 17 60 609477048
2 17 61 380587271
2 17 62 853522761
2 17 63 431418241
2 17 64 592454586
2 17 65 783483955
2 17 66 884617063
2 17 67 394394312
2 17 68 223803051
2 17 69 552813832
2 17 70 44200803
2 17 71 583772857
2 17 72 149534761
2 17 73 538564751
2 17 74 549412658
2 17 75 891034265
2 17 76 692817675
2 17 77 161906492
2 17 78 538402536
2 17 79 257105896
2 17 80 120680696
2 17 81 102395525
2 17 82 196323798
2 17 83 95499742
2 17 84 251275659
2 17 85 279639600
2 17 86 98503316
2 17 87 378841796
2 17 88 367963411
2 17 89 990545255
2 17 90 892951299
2 17 91 972804785
2 17 92 394209105
2 17 93 613956304
2 17 94 970254153
2 17 95 514851890
2 17 96 242256121
2 17 97 657139831
2 17 98 685673236
2 17 99 589071893
2 17 100 204799403
2 18 18 937432242
2 18 19 418392071
2 18 20 131811640
2 18 21 127880507
2 18 22 494879244
2 18 23 846694700
2 18 24 356591785
2 18 25 575544912
2 18 26 787326937
2 18 27 921037525
2 18 28 255571397
2 18 29 388681058
2 18 30 50938132
2 18 31 257121843
2 18 32 141516204
2 18 33 387102004
2 18 34 107976653
2 18 35 481254071
2 18 36 585162202
2 18 37 536034725
2 18 38 905112223
2 18 39 209541651
2 18 40 348123725
2 18 41 896603765
2 18 42 340395042
2 18 43 281597905
2 18 44 813624631
2 18 45 775844394
2 18 46 332345090
2 18 47 930457522
2 18 48 150012547
2 18 49 560727518
2 18 50 802228412
2 18 51 353042596
2 18 52 641765019
2 18 53 801438843
2 18 54 421445444
2 18 55 258101728
2 18 56 122493948
2 18 57 177581409
2 18 58 748454758
2 18 59 406965585
2 18 60 678578753
2 18 61 56759706
2 18 62 216622556
2 18 63 964354395
2 18 64 67997393
2 18 65 688851117
2 18 66 219264176
2 18 67 109143491
2 18 68 318845335
2 18 69 403923830
2 18 70 418548615
2 18 71 979896804
2 18 72 303950967
2 18 73 885531842
2 18 74 445126000
2 18 75 590937099
2 18 76 394221356
2 18 77 885797924
2 18 78 928965861
2 18 79 560132526
2 18 80 246910019
2 18 81 255404622
2 18 82 926071350
2 18 83 467805005
2 18 84 175137643
2 18 85 714791079
2 18 86 396598740
2 18 87 256265132
2 18 88 255325816
2 18 89 917907005
2 18 90 169636611
2 18 91 768182280
2 18 92 918854704
2 18 93 256043966
2 18 94 554833491
2 18 95 723309867
2 18 96 833526941
2 18 97 622535390
2 18 98 74546352
2 18 99 727308183
2 18 100 782120874
2 19 19 931916219
2 19 20 609222610
2 19 21 407352822
2 19 22 461189060
2 19 23 339801811
2 19 24 668639965
2 19 25 298808055
2 19 26 131126747
2 19 27 560088144
2 19 28 104587131
2 19 29 505472312
2 19 30 830505588
2 19 31 776704441
2 19 32 845370354
2 19 33 59441742
2 19 34 978484846
2 19 35 699670426
2 19 36 471935651
2 19 37 489518050
2 19 38 510805826
2 19 39 260308030
2 19 40 613004690
2 19 41 114445083
2 19 42 306037834
2 19 43 741159243
2 19 44 574178647
2 19 45 956776046
2 19 46 225724321
2 19 47 693912111
2 19 48 535832567
2 19 49 526837897
2 19 50 303901893
2 19 51 743183406
2 19 52 925571896
2 19 53 697909538
2 19 54 21679611
2 19 55 821857998
2 19 56 488497998
2 19 57 516513950
2 19 58 437830614
2 19 59 621421785
2 19 60 589537861
2 19 61 627471078
2 19 62 999112921
2 19 63 524011935
2 19 64 989718301
2 19 65 568269050
2 19 66 330981571
2 19 67 102598416
2 19 68 833948570
2 19 69 688624284
2 19 70 18705631
2 19 71 312393992
2 19 72 524843753
2 19 73 964642400
2 19 74 371926149
2 19 75 106697863
2 19 76 261059310
2 19 77 41582757
2 19 78 801442721
2 19 79 309727675
2 19 80 135023638
2 19 81 690713451
2 19 82 900114609
2 19 83 446318135
2 19 84 129006044
2 19 85 674845966
2 19 86 514909455
2 19 87 760620779
2 19 88 689146196
2 19 89 604906709
2 19 90 346152359
2 19 91 208197448
2 19 92 746759117
2 19 93 412101
2 19 94 236777760
2 19 95 593005206
2 19 96 898718246
2 19 97 556157506
2 19 98 30026035
2 19 99 830958554
2 19 100 450658010
2 20 20 975474190
2 20 21 88190945
2 20 22 95196016
2 20 23 521133555
2 20 24 438553608
2 20 25 74184964
2 20 26 911331431
2 20 27 141085544
2 20 28 223119830
2 20 29 722945350
2 20 30 130701752
2 20 31 265424150
2 20 32 986454449
2 20 33 91279649
2 20 34 957921194
2 20 35 496088026
2 20 36 211087519
2 20 37 306103364
2 20 38 678477725
2 20 39 842860954
2 20 40 185792075
2 20 41 575777474
2 20 42 630210588
2 20 43 769514946
2 20 44 247576450
2 20 45 121148987
2 20 46 110614972
2 20 47 992795078
2 20 48 140707850
2 20 49 387802161
2 20 50 251537665
2 20 51 395314972
2 20 52 861075782
2 20 53 527699126
2 20 54 466449990
2 20 55 186216472
2 20 56 236008129
2 20 57 447575862
2 20 58 771052087
2 20 59 428597019
2 20 60 893365713
2 20 61 437071770
2 20 62 108436466
2 20 63 764315746
2 20 64 746637491
2 20 65 319226271
2 20 66 620773707
2 20 67 122810613
2 20 68 387326351
2 20 69 31103617
2 20 70 253354885
2 20 71 141973761
2 20 72 956936133
2 20 73 794180746
2 20 74 205573618
2 20 75 148049376
2 20 76 484239272
2 20 77 785357720
2 20 78 8983856
2 20 79 357147638
2 20 80 978107193
2 20 81 27845892
2 20 82 20216004
2 20 83 400091747
2 20 84 178857410
2 20 85 883637607
2 20 86 575038635
2 20 87 575750764
2 20 88 74419872
2 20 89 554398701
2 20 90 572398412
2 20 91 719334802
2 20 92 556783525
2 20 93 821104189
2 20 94 997871285
2 20 95 657313196
2 20 96 109726918
2 20 97 836429369
2 20 98 347728622
2 20 99 819330098
2 20 100 17596259
2 21 21 25740028
2 21 22 585501666
2 21 23 193685936
2 21 24 755326646
2 21 25 246821219
2 21 26 165990668
2 21 27 304949761
2 21 28 225930398
2 21 29 284701726
2 21 30 864222890
2 21 31 182490768
2 21 32 651449854
2 21 33 222353125
2 21 34 211321160
2 21 35 504310594
2 21 36 332490565
2 21 37 278941099
2 21 38 229660889
2 21 39 667243198
2 21 40 923137568
2 21 41 204560334
2 21 42 344583166
2 21 43 151237328
2 21 44 808848609
2 21 45 453935077
2 21 46 276768122
2 21 47 662912831
2 21 48 638300317
2 21 49 544295411
2 21 50 579612394
2 21 51 753776115
2 21 52 52316212
2 21 53 832956591
2 21 54 127087628
2 21 55 967435638
2 21 56 625168582
2 21 57 243334409
2 21 58 804917128
2 21 59 504294952
2 21 60 171212618
2 21 61 160801784
2 21 62 510635492
2 21 63 689637257
2 21 64 54693564
2 21 65 524457484
2 21 66 355531243
2 21 67 388817887
2 21 68 34777488
2 21 69 571810241
2 21 70 779548666
2 21 71 134118146
2 21 72 2992450
2 21 73 936572648
2 21 74 943759396
2 21 75 223362928
2 21 76 547964942
2 21 77 443131448
2 21 78 217723394
2 21 79 558024982
2 21 80 634806062
2 21 81 376098510
2 21 82 615783671
2 21 83 791929245
2 21 84 928246565
2 21 85 158835686
2 21 86 609897198
2 21 87 589196739
2 21 88 748928270
2 21 89 661925378
2 21 90 680344541
2 21 91 559601343
2 21 92 103444149
2 21 93 597148908
2 21 94 609289462
2 21 95 634542630
2 21 96 651503425
2 21 97 78831947
2 21 98 956801561
2 21 99 341316121
2 21 100 788450285
2 22 22 578623587
2 22 23 396237361
2 22 24 624138584
2 22 25 663790235
2 22 26 827883114
2 22 27 333968649
2 22 28 3383356
2 22 29 574458933
2 22 30 260017187
2 22 31 649551555
2 22 32 337441360
2 22 33 772775741
2 22 34 824315209
2 22 35 116917234
2 22 36 890743075
2 22 37 638966804
2 22 38 742403605
2 22 39 363539803
2 22 40 325778731
2 22 41 365648959
2 22 42 686804622
2 22 43 480785026
2 22 44 490004239
2 22 45 226742953
2 22 46 390792523
2 22 47 707445015
2 22 48 838606920
2 22 49 933553373
2 22 50 505279535
2 22 51 216816537
2 22 52 630271377
2 22 53 846865877
2 22 54 700056218
2 22 55 702177978
2 22 56 961585519
2 22 57 90606303
2 22 58 82221090
2 22 59 144109191
2 22 60 427294034
2 22 61 969256180
2 22 62 891391148
2 22 63 997362610
2 22 64 888268900
2 22 65 418907809
2 22 66 915026911
2 22 67 4794874
2 22 68 677826459
2 22 69 472417831
2 22 70 299759423
2 22 71 181728637
2 22 72 926983219
2 22 73 622656041
2 22 74 627851118
2 22 75 935717938
2 22 76 323529365
2 22 77 219355072
2 22 78 461090999
2 22 79 792696921
2 22 80 224896750
2 22 81 117825088
2 22 82 288745961
2 22 83 294571186
2 22 84 902348433
2 22 85 532769895
2 22 86 913764063
2 22 87 407161528
2 22 88 849115415
2 22 89 67937779
2 22 90 708711389
2 22 91 630339825
2 22 92 607136697
2 22 93 312726281
2 22 94 593280437
2 22 95 270525904
2 22 96 307845400
2 22 97 551700639
2 22 98 330220017
2 22 99 248575037
2 22 100 862543111
2 23 23 521309117
2 23 24 116931391
2 23 25 993105254
2 23 26 133655318
2 23 27 753274420
2 23 28 967902649
2 23 29 622923325
2 23 30 629799840
2 23 31 930382122
2 23 32 623809440
2 23 33 811100481
2 23 34 167083741
2 23 35 470483521
2 23 36 126027024
2 23 37 356284503
2 23 38 608672265
2 23 39 264125703
2 23 40 558684961
2 23 41 524511354
2 23 42 871625495
2 23 43 24781428
2 23 44 257110939
2 23 45 19769772
2 23 46 171223507
2 23 47 674643662
2 23 48 249215776
2 23 49 338031416
2 23 50 351123426
2 23 51 318437249
2 23 52 66987451
2 23 53 778784023
2 23 54 232162842
2 23 55 584106019
2 23 56 217683364
2 23 57 11869278
2 23 58 165361898
2 23 59 867881177
2 23 60 337465199
2 23 61 668057676
2 23 62 565524118
2 23 63 467492526
2 23 64 752415469
2 23 65 638162669
2 23 66 996722902
2 23 67 600276701
2 23 68 18314519
2 23 69 995672895
2 23 70 231367842
2 23 71 618892673
2 23 72 577423327
2 23 73 95323840
2 23 74 411451839
2 23 75 130642925
2 23 76 464927714
2 23 77 281681928
2 23 78 577246549
2 23 79 956695552
2 23 80 715158547
2 23 81 312612062
2 23 82 225446974
2 23 83 696593750
2 23 84 19466374
2 23 85 346246553
2 23 86 78957093
2 23 87 855949535
2 23 88 906604259
2 23 89 864112102
2 23 90 627446436
2 23 91 100354943
2 23 92 831659131
2 23 93 178982647
2 23 94 214705867
2 23 95 806176853
2 23 96 847862204
2 23 97 672321517
2 23 98 156402715
2 23 99 871275409
2 23 100 193024594
2 24 24 681177304
2 24 25 553545897
2 24 26 732627605
2 24 27 802381336
2 24 28 354635436
2 24 29 987553104
2 24 30 796166249
2 24 31 339532229
2 24 32 901431990
2 24 33 636996054
2 24 34 116547136
2 24 35 199852961
2 24 36 67201354
2 24 37 366627813
2 24 38 288612601
2 24 39 142534350
2 24 40 476788077
2 24 41 478070165
2 24 42 175596298
2 24 43 322034518
2 24 44 205790230
2 24 45 619084344
2 24 46 792693030
2 24 47 490136888
2 24 48 405558931
2 24 49 498207693
2 24 50 779439124
2 24 51 91049034
2 24 52 926968209
2 24 53 106827745
2 24 54 811894042
2 24 55 76151004
2 24 56 404021622
2 24 57 687390540
2 24 58 660328555
2 24 59 547695887
2 24 60 603568388
2 24 61 200507483
2 24 62 22731350
2 24 63 559304855
2 24 64 342751805
2 24 65 304163627
2 24 66 574389460
2 24 67 44200855
2 24 68 280939631
2 24 69 333125834
2 24 70 510284671
2 24 71 202085140
2 24 72 101094398
2 24 73 292015545
2 24 74 160911191
2 24 75 412246702
2 24 76 901143415
2 24 77 698989872
2 24 78 919747896
2 24 79 855245162
2 24 80 868370821
2 24 81 41291842
2 24 82 994800937
2 24 83 83450121
2 24 84 830961751
2 24 85 770144765
2 24 86 391938040
2 24 87 305709547
2 24 88 109899613
2 24 89 164400540
2 24 90 316765154
2 24 91 770613187
2 24 92 949405805
2 24 93 737048286
2 24 94 87776962
2 24 95 332788662
2 24 96 95944239
2 24 97 677528490
2 24 98 6781538
2 24 99 768737541
2 24 100 524548187
2 25 25 588455476
2 25 26 177620103
2 25 27 71150893
2 25 28 178050876
2 25 29 5059630
2 25 30 808382581
2 25 31 987058217
2 25 32 839705911
2 25 33 351437983
2 25 34 116973364
2 25 35 538507518
2 25 36 640199017
2 25 37 870658107
2 25 38 157613098
2 25 39 59072163
2 25 40 859966941
2 25 41 185871923
2 25 42 923476747
2 25 43 457479428
2 25 44 187161650
2 25 45 767765646
2 25 46 832536503
2 25 47 758574058
2 25 48 674712280
2 25 49 924556684
2 25 50 201942485
2 25 51 990968478
2 25 52 259830054
2 25 53 376403801
2 25 54 264657837
2 25 55 788381837
2 25 56 311365508
2 25 57 446229034
2 25 58 226970847
2 25 59 968483020
2 25 60 855894498
2 25 61 708297661
2 25 62 362182671
2 25 63 931027881
2 25 64 91607346
2 25 65 492712815
2 25 66 306756941
2 25 67 662538129
2 25 68 920412630
2 25 69 108298346
2 25 70 170447712
2 25 71 164661220
2 25 72 967403638
2 25 73 578776009
2 25 74 530896545
2 25 75 404699462
2 25 76 753311220
2 25 77 152594218
2 25 78 953377608
2 25 79 17073209
2 25 80 507376576
2 25 81 449837563
2 25 82 722549138
2 25 83 785818664
2 25 84 569424397
2 25 85 757832896
2 25 86 277776423
2 25 87 223197118
2 25 88 897273487
2 25 89 9815976
2 25 90 951726987
2 25 91 862315615
2 25 92 558794715
2 25 93 6752005
2 25 94 342029029
2 25 95 612750143
2 25 96 332537816
2 25 97 442188628
2 25 98 263713365
2 25 99 752296122
2 25 100 533960862
2 26 26 979129206
2 26 27 500594738
2 26 28 736105582
2 26 29 951890714
2 26 30 312507830
2 26 31 402196011
2 26 32 801811382
2 26 33 966624832
2 26 34 320647387
2 26 35 442962468
2 26 36 26915118
2 26 37 230335343
2 26 38 336205031
2 26 39 670070529
2 26 40 168056551
2 26 41 8861775
2 26 42 380714228
2 26 43 465398708
2 26 44 646957257
2 26 45 107226053
2 26 46 209358978
2 26 47 180729250
2 26 48 221976065
2 26 49 767635323
2 26 50 581704493
2 26 51 406820039
2 26 52 638313562
2 26 53 563291664
2 26 54 394021985
2 26 55 43987659
2 26 56 398014519
2 26 57 232383035
2 26 58 410171399
2 26 59 177699960
2 26 60 800799893
2 26 61 210753346
2 26 62 127726765
2 26 63 83627027
2 26 64 98690362
2 26 65 3996023
2 26 66 891099079
2 26 67 594214540
2 26 68 938442287
2 26 69 796877086
2 26 70 934269664
2 26 71 28473444
2 26 72 48439375
2 26 73 445681310
2 26 74 615424399
2 26 75 50022363
2 26 76 589861037
2 26 77 209012378
2 26 78 216233462
2 26 79 499645006
2 26 80 269906574
2 26 81 42739384
2 26 82 26557588
2 26 83 492228041
2 26 84 506674680
2 26 85 131830954
2 26 86 230733034
2 26 87 256298228
2 26 88 282106724
2 26 89 148516491
2 26 90 850140231
2 26 91 98648646
2 26 92 152092971
2 26 93 478411503
2 26 94 319387136
2 26 95 482050511
2 26 96 922866756
2 26 97 867024530
2 26 98 441254450
2 26 99 208407847
2 26 100 537103037
2 27 27 903195035
2 27 28 899864775
2 27 29 990027942
2 27 30 333415370
2 27 31 678600162
2 27 32 750258058
2 27 33 317830724
2 27 34 568225122
2 27 35 755394909
2 27 36 115319999
2 27 37 214066068
2 27 38 355997031
2 27 39 879023672
2 27 40 603247329
2 27 41 310107752
2 27 42 531045036
2 27 43 380890305
2 27 44 261415366
2 27 45 570924057
2 27 46 628495096
2 27 47 483174495
2 27 48 313561428
2 27 49 135212631
2 27 50 169619646
2 27 51 651475655
2 27 52 899493031
2 27 53 820768520
2 27 54 850680067
2 27 55 124558623
2 27 56 271663544
2 27 57 146488014
2 27 58 208765436
2 27 59 152988304
2 27 60 895670655
2 27 61 430343384
2 27 62 687962499
2 27 63 434212438
2 27 64 148292752
2 27 65 627176669
2 27 66 679313118
2 27 67 920194915
2 27 68 455072588
2 27 69 426944393
2 27 70 966239034
2 27 71 331448693
2 27 72 983812046
2 27 73 604214524
2 27 74 508785588
2 27 75 306405131
2 27 76 527247310
2 27 77 122595237
2 27 78 893867179
2 27 79 950699895
2 27 80 7871683
2 27 81 559362104
2 27 82 507529021
2 27 83 959211297
2 27 84 417930451
2 27 85 518190108
2 27 86 996765461
2 27 87 23262652
2 27 88 468298953
2 27 89 361904563
2 27 90 392516206
2 27 91 19863184
2 27 92 155524698
2 27 93 922692346
2 27 94 502104563
2 27 95 605786188
2 27 96 17871570
2 27 97 365312209
2 27 98 612276562
2 27 99 158688018
2 27 100 751735336
2 28 28 577951234
2 28 29 957162079
2 28 30 766870541
2 28 31 191085271
2 28 32 328489553
2 28 33 690735811
2 28 34 764846034
2 28 35 72391087
2 28 36 231311326
2 28 37 316034117
2 28 38 804399697
2 28 39 321184464
2 28 40 360729751
2 28 41 330792720
2 28 42 988228502
2 28 43 964245131
2 28 44 462938761
2 28 45 812661611
2 28 46 90991495
2 28 47 951477555
2 28 48 499709529
2 28 49 299199484
2 28 50 872784219
2 28 51 541314351
2 28 52 723966555
2 28 53 991815001
2 28 54 611482479
2 28 55 531871706
2 28 56 854050858
2 28 57 796070253
2 28 58 322027177
2 28 59 366384471
2 28 60 912788312
2 28 61 349882635
2 28 62 579626906
2 28 63 53303530
2 28 64 764465469
2 28 65 190155729
2 28 66 889433593
2 28 67 340984768
2 28 68 664947199
2 28 69 243184722
2 28 70 247117620
2 28 71 264753534
2 28 72 533535568
2 28 73 29605511
2 28 74 612298635
2 28 75 205768918
2 28 76 612783669
2 28 77 125611557
2 28 78 595489055
2 28 79 478859386
2 28 80 158010797
2 28 81 50535511
2 28 82 138941013
2 28 83 488848857
2 28 84 942392228
2 28 85 378343143
2 28 86 188762062
2 28 87 793062745
2 28 88 77108461
2 28 89 291836354
2 28 90 811957498
2 28 91 826130823
2 28 92 274051701
2 28 93 799114190
2 28 94 921200459
2 28 95 648945733
2 28 96 137601639
2 28 97 14361258
2 28 98 218559415
2 28 99 598601966
2 28 100 5732156
2 29 29 61540439
2 29 30 511840911
2 29 31 662881911
2 29 32 820210932
2 29 33 987553622
2 29 34 77038061
2 29 35 316747369
2 29 36 643241960
2 29 37 701993899
2 29 38 636229735
2 29 39 892016660
2 29 40 109586383
2 29 41 314511296
2 29 42 970533027
2 29 43 76679465
2 29 44 736735441
2 29 45 705569129
2 29 46 184927837
2 29 47 412399297
2 29 48 426891895
2 29 49 439963145
2 29 50 120849559
2 29 51 173609188
2 29 52 30231579
2 29 53 84014640
2 29 54 486304691
2 29 55 362120404
2 29 56 780886377
2 29 57 288156398
2 29 58 475924169
2 29 59 537442052
2 29 60 189731547
2 29 61 68562421
2 29 62 512790640
2 29 63 605546815
2 29 64 871896288
2 29 65 523360556
2 29 66 920590184
2 29 67 719861668
2 29 68 301791256
2 29 69 815040223
2 29 70 835820100
2 29 71 871791643
2 29 72 354453003
2 29 73 562148263
2 29 74 189435315
2 29 75 284727163
2 29 76 993060267
2 29 77 329599155
2 29 78 756198778
2 29 79 201778651
2 29 80 205679662
2 29 81 390660155
2 29 82 990181320
2 29 83 596516009
2 29 84 176306239
2 29 85 303398852
2 29 86 714997305
2 29 87 558850333
2 29 88 130164828
2 29 89 154759922
2 29 90 314066085
2 29 91 174398107
2 29 92 292095926
2 29 93 485708746
2 29 94 397882362
2 29 95 429263540
2 29 96 675010250
2 29 97 271055548
2 29 98 280014059
2 29 99 665951245
2 29 100 467816571
2 30 30 641354060
2 30 31 552575514
2 30 32 681938467
2 30 33 351480912
2 30 34 780598551
2 30 35 134099715
2 30 36 43718229
2 30 37 567032161
2 30 38 103412393
2 30 39 484460338
2 30 40 608826197
2 30 41 489759462
2 30 42 394744011
2 30 43 551395744
2 30 44 992167360
2 30 45 717714127
2 30 46 806143334
2 30 47 363953272
2 30 48 490474834
2 30 49 305895248
2 30 50 127752385
2 30 51 582657328
2 30 52 987386382
2 30 53 761004737
2 30 54 402408708
2 30 55 232652025
2 30 56 327302269
2 30 57 317773015
2 30 58 550285769
2 30 59 717464915
2 30 60 176323780
2 30 61 127123450
2 30 62 343411617
2 30 63 879819773
2 30 64 438987532
2 30 65 943201832
2 30 66 23005612
2 30 67 488089266
2 30 68 270061392
2 30 69 347252913
2 30 70 624637767
2 30 71 558600248
2 30 72 163199274
2 30 73 333961529
2 30 74 266174743
2 30 75 872275064
2 30 76 15040353
2 30 77 135529768
2 30 78 610411066
2 30 79 712535721
2 30 80 129784881
2 30 81 919879256
2 30 82 276135293
2 30 83 354849283
2 30 84 353460096
2 30 85 674780133
2 30 86 849156331
2 30 87 505365048
2 30 88 25074663
2 30 89 862831
2 30 90 490663921
2 30 91 938447241
2 30 92 536263076
2 30 93 755448028
2 30 94 778740654
2 30 95 963661107
2 30 96 998671599
2 30 97 995275808
2 30 98 332154805
2 30 99 654627094
2 30 100 421811596
2 31 31 835061216
2 31 32 631595148
2 31 33 853411224
2 31 34 22512024
2 31 35 692641895
2 31 36 829026297
2 31 37 888774058
2 31 38 299596856
2 31 39 193439950
2 31 40 901652310
2 31 41 511633139
2 31 42 610466593
2 31 43 889385648
2 31 44 399052394
2 31 45 56734724
2 31 46 770006034
2 31 47 82941776
2 31 48 85678179
2 31 49 884593804
2 31 50 229975919
2 31 51 866398974
2 31 52 900661366
2 31 53 567679185
2 31 54 168636373
2 31 55 164492210
2 31 56 654635903
2 31 57 480978249
2 31 58 322855554
2 31 59 22941499
2 31 60 804583207
2 31 61 820429779
2 31 62 345558883
2 31 63 266855331
2 31 64 188285676
2 31 65 18386147
2 31 66 441702661
2 31 67 626031101
2 31 68 405681146
2 31 69 78728996
2 31 70 631813579
2 31 71 129505553
2 31 72 890044211
2 31 73 200210900
2 31 74 616848633
2 31 75 695306756
2 31 76 679291562
2 31 77 18502078
2 31 78 245331404
2 31 79 637131289
2 31 80 9478601
2 31 81 953730987
2 31 82 773530629
2 31 83 352872978
2 31 84 933267999
2 31 85 422467673
2 31 86 558969616
2 31 87 752003706
2 31 88 825310632
2 31 89 390950055
2 31 90 238345837
2 31 91 927076182
2 31 92 309600856
2 31 93 940359772
2 31 94 687738715
2 31 95 614011067
2 31 96 898614027
2 31 97 125022777
2 31 98 754562821
2 31 99 174525106
2 31 100 4828901
2 32 32 42725379
2 32 33 362306697
2 32 34 949031576
2 32 35 139239087
2 32 36 734649614
2 32 37 455659683
2 32 38 876697273
2 32 39 571162325
2 32 40 259802355
2 32 41 427979047
2 32 42 595425330
2 32 43 780241034
2 32 44 901154056
2 32 45 577358076
2 32 46 680263218
2 32 47 76985883
2 32 48 468781332
2 32 49 873950896
2 32 50 532328775
2 32 51 34181081
2 32 52 338386191
2 32 53 381277050
2 32 54 54538396
2 32 55 427723603
2 32 56 338959782
2 32 57 942733822
2 32 58 393250411
2 32 59 730233752
2 32 60 409171531
2 32 61 459990804
2 32 62 234860868
2 32 63 75756008
2 32 64 469434580
2 32 65 656605121
2 32 66 223327447
2 32 67 107644340
2 32 68 677230317
2 32 69 67125466
2 32 70 153054754
2 32 71 722072614
2 32 72 994593396
2 32 73 618951942
2 32 74 339722410
2 32 75 75583388
2 32 76 118412126
2 32 77 712405055
2 32 78 940342706
2 32 79 303092036
2 32 80 212194510
2 32 81 111284166
2 32 82 656559951
2 32 83 695142913
2 32 84 661604894
2 32 85 160205559
2 32 86 39454996
2 32 87 916939730
2 32 88 550125022
2 32 89 437819771
2 32 90 742182116
2 32 91 640527175
2 32 92 928496919
2 32 93 382687225
2 32 94 69276634
2 32 95 888104310
2 32 96 782900541
2 32 97 715133661
2 32 98 868518393
2 32 99 19950814
2 32 100 922717361
2 33 33 174404003
2 33 34 865600552
2 33 35 412707472
2 33 36 561093810
2 33 37 287130665
2 33 38 357734675
2 33 39 465356753
2 33 40 742935221
2 33 41 898587592
2 33 42 707265748
2 33 43 984076680
2 33 44 862399147
2 33 45 841751150
2 33 46 451377325
2 33 47 227898235
2 33 48 241403384
2 33 49 238922222
2 33 50 372263368
2 33 51 413115703
2 33 52 878809478
2 33 53 910816496
2 33 54 672196936
2 33 55 210942530
2 33 56 592963693
2 33 57 816572257
2 33 58 81749774
2 33 59 913922958
2 33 60 439023983
2 33 61 760772129
2 33 62 703262113
2 33 63 735210706
2 33 64 691827815
2 33 65 780956492
2 33 66 564528160
2 33 67 515171636
2 33 68 692216592
2 33 69 826099672
2 33 70 801659118
2 33 71 320717762
2 33 72 40083073
2 33 73 73747132
2 33 74 95484339
2 33 75 128515250
2 33 76 659808142
2 33 77 722387398
2 33 78 890442499
2 33 79 781199634
2 33 80 155834140
2 33 81 673784912
2 33 82 312329315
2 33 83 515384764
2 33 84 283965952
2 33 85 50846871
2 33 86 276376844
2 33 87 999114639
2 33 88 530764943
2 33 89 287309301
2 33 90 739991535
2 33 91 485547424
2 33 92 692405330
2 33 93 661752117
2 33 94 163447350
2 33 95 506151290
2 33 96 916703053
2 33 97 665443435
2 33 98 150926041
2 33 99 236806271
2 33 100 158274356
2 34 34 533892667
2 34 35 253498293
2 34 36 545748080
2 34 37 305958394
2 34 38 414172625
2 34 39 524345076
2 34 40 975357258
2 34 41 741816563
2 34 42 317843910
2 34 43 102690153
2 34 44 253095549
2 34 45 595032237
2 34 46 620630170
2 34 47 935138523
2 34 48 157363095
2 34 49 830125202
2 34 50 155101825
2 34 51 235725120
2 34 52 438813677
2 34 53 569334806
2 34 54 629124313
2 34 55 158943620
2 34 56 824456939
2 34 57 383549485
2 34 58 848341604
2 34 59 229061386
2 34 60 781593298
2 34 61 650032042
2 34 62 645332259
2 34 63 723235163
2 34 64 728634219
2 34 65 935934317
2 34 66 683638028
2 34 67 827479002
2 34 68 899923001
2 34 69 35794352
2 34 70 237872250
2 34 71 148837517
2 34 72 794539939
2 34 73 726160471
2 34 74 557669891
2 34 75 596909627
2 34 76 141590879
2 34 77 403528261
2 34 78 577687064
2 34 79 888929247
2 34 80 800531865
2 34 81 883042026
2 34 82 341319890
2 34 83 961163666
2 34 84 700658120
2 34 85 573462792
2 34 86 810546009
2 34 87 621427456
2 34 88 972786855
2 34 89 971210101
2 34 90 430074879
2 34 91 73644905
2 34 92 92226160
2 34 93 683142990
2 34 94 33592788
2 34 95 997725249
2 34 96 715275930
2 34 97 868631937
2 34 98 315486733
2 34 99 226305956
2 34 100 943898620
2 35 35 843748704
2 35 36 53005360
2 35 37 366105413
2 35 38 797317395
2 35 39 625516230
2 35 40 707986363
2 35 41 408557583
2 35 42 336964647
2 35 43 523806740
2 35 44 431848869
2 35 45 760537079
2 35 46 88881082
2 35 47 870818681
2 35 48 934416291
2 35 49 195845337
2 35 50 329222069
2 35 51 991157216
2 35 52 264912803
2 35 53 191189623
2 35 54 924492730
2 35 55 566166422
2 35 56 275987514
2 35 57 757777086
2 35 58 371194044
2 35 59 341990755
2 35 60 231394235
2 35 61 904957908
2 35 62 436838807
2 35 63 5141362
2 35 64 8480224
2 35 65 446453313
2 35 66 907277086
2 35 67 568308425
2 35 68 999571001
2 35 69 375064232
2 35 70 726439745
2 35 71 781755400
2 35 72 970045970
2 35 73 608263985
2 35 74 89574116
2 35 75 780177665
2 35 76 45843176
2 35 77 774009245
2 35 78 90529490
2 35 79 609115499
2 35 80 803344615
2 35 81 974266052
2 35 82 252224818
2 35 83 899189216
2 35 84 610487506
2 35 85 263770870
2 35 86 784720467
2 35 87 527551259
2 35 88 30873386
2 35 89 687036380
2 35 90 614864358
2 35 91 6207637
2 35 92 588710539
2 35 93 498906073
2 35 94 487136895
2 35 95 292009372
2 35 96 388284134
2 35 97 765167385
2 35 98 719440847
2 35 99 454608948
2 35 100 716532136
2 36 36 408858805
2 36 37 66260308
2 36 38 332259751
2 36 39 599436703
2 36 40 749810942
2 36 41 385596252
2 36 42 655480691
2 36 43 851192506
2 36 44 810444279
2 36 45 369449362
2 36 46 595861862
2 36 47 632984487
2 36 48 614924284
2 36 49 58835983
2 36 50 79891646
2 36 51 276053399
2 36 52 198337177
2 36 53 717397919
2 36 54 277873420
2 36 55 403005036
2 36 56 415385297
2 36 57 396623301
2 36 58 574252185
2 36 59 798003150
2 36 60 446927675
2 36 61 992927435
2 36 62 210050697
2 36 63 960710633
2 36 64 932178575
2 36 65 834099265
2 36 66 338765829
2 36 67 765894634
2 36 68 566769253
2 36 69 262244034
2 36 70 91586085
2 36 71 547161234
2 36 72 51357140
2 36 73 432297026
2 36 74 949976115
2 36 75 733331596
2 36 76 462737117
2 36 77 438946495
2 36 78 93431544
2 36 79 67649257
2 36 80 761833106
2 36 81 225795628
2 36 82 725656632
2 36 83 198699740
2 36 84 847945394
2 36 85 559639366
2 36 86 328026128
2 36 87 814899055
2 36 88 391588399
2 36 89 698447181
2 36 90 821811446
2 36 91 148277306
2 36 92 149415843
2 36 93 951745876
2 36 94 851286977
2 36 95 465081255
2 36 96 213008293
2 36 97 630797833
2 36 98 552434062
2 36 99 94680089
2 36 100 599986603
2 37 37 530060876
2 37 38 255338267
2 37 39 609598321
2 37 40 728422616
2 37 41 928238912
2 37 42 488769009
2 37 43 541433717
2 37 44 250224069
2 37 45 954681311
2 37 46 447327370
2 37 47 654475149
2 37 48 208081247
2 37 49 60501157
2 37 50 142930895
2 37 51 20072248
2 37 52 235894083
2 37 53 295621244
2 37 54 169604904
2 37 55 908549042
2 37 56 502231424
2 37 57 473885304
2 37 58 472549873
2 37 59 216317437
2 37 60 6859855
2 37 61 229853416
2 37 62 907440637
2 37 63 674477628
2 37 64 810934662
2 37 65 270574922
2 37 66 860726668
2 37 67 18443517
2 37 68 158972116
2 37 69 668175171
2 37 70 997778269
2 37 71 635668744
2 37 72 251196739
2 37 73 77969359
2 37 74 681099831
2 37 75 913536472
2 37 76 788935682
2 37 77 863917178
2 37 78 71061631
2 37 79 903329132
2 37 80 638135410
2 37 81 438824478
2 37 82 8652539
2 37 83 835898027
2 37 84 27264022
2 37 85 850190132
2 37 86 505930750
2 37 87 41785524
2 37 88 342650208
2 37 89 885968765
2 37 90 950788578
2 37 91 750811349
2 37 92 993349429
2 37 93 844903489
2 37 94 777754502
2 37 95 292766432
2 37 96 942042110
2 37 97 628529103
2 37 98 471751953
2 37 99 890117465
2 37 100 527179429
2 38 38 299607149
2 38 39 235517192
2 38 40 631916077
2 38 41 806133323
2 38 42 612487266
2 38 43 144957418
2 38 44 801890212
2 38 45 467420615
2 38 46 158803759
2 38 47 211988574
2 38 48 281588017
2 38 49 223171065
2 38 50 277954593
2 38 51 79189974
2 38 52 203638285
2 38 53 701497136
2 38 54 335385329
2 38 55 523735599
2 38 56 450742090
2 38 57 464922933
2 38 58 513117703
2 38 59 871921660
2 38 60 89569085
2 38 61 5921968
2 38 62 552211099
2 38 63 376724029
2 38 64 131661188
2 38 65 157316907
2 38 66 760023623
2 38 67 609534555
2 38 68 400559955
2 38 69 233559636
2 38 70 819135458
2 38 71 62499442
2 38 72 741914165
2 38 73 994969351
2 38 74 36972766
2 38 75 433457985
2 38 76 175979867
2 38 77 66690542
2 38 78 425926053
2 38 79 439834409
2 38 80 946699742
2 38 81 50206951
2 38 82 168611560
2 38 83 677503515
2 38 84 905540044
2 38 85 504686729
2 38 86 612693491
2 38 87 906735127
2 38 88 460232131
2 38 89 432101196
2 38 90 796748771
2 38 91 249963737
2 38 92 503203355
2 38 93 625714326
2 38 94 315135832
2 38 95 388534931
2 38 96 183964438
2 38 97 615462746
2 38 98 194831586
2 38 99 710421767
2 38 100 721402139
2 39 39 10764566
2 39 40 973338267
2 39 41 43724870
2 39 42 861784543
2 39 43 409220521
2 39 44 297682061
2 39 45 563625373
2 39 46 21004706
2 39 47 702478721
2 39 48 908968931
2 39 49 594617087
2 39 50 132086982
2 39 51 760136187
2 39 52 439837925
2 39 53 509659922
2 39 54 705673204
2 39 55 67622568
2 39 56 849087453
2 39 57 270348655
2 39 58 965207292
2 39 59 469477949
2 39 60 487869534
2 39 61 446515174
2 39 62 272041927
2 39 63 701792945
2 39 64 971502350
2 39 65 221412130
2 39 66 57923489
2 39 67 192082845
2 39 68 676458333
2 39 69 596640669
2 39 70 985507995
2 39 71 227081088
2 39 72 908597388
2 39 73 187078873
2 39 74 330925450
2 39 75 477105058
2 39 76 171795022
2 39 77 467521406
2 39 78 226689129
2 39 79 511294257
2 39 80 949632755
2 39 81 838245319
2 39 82 940483269
2 39 83 255004093
2 39 84 146458165
2 39 85 832236935
2 39 86 589774770
2 39 87 153084506
2 39 88 812055302
2 39 89 775750490
2 39 90 265739580
2 39 91 864575702
2 39 92 361235048
2 39 93 998881816
2 39 94 988629743
2 39 95 597775684
2 39 96 283155091
2 39 97 688260927
2 39 98 165598204
2 39 99 572295954
2 39 100 547777009
2 40 40 204305487
2 40 41 126572864
2 40 42 8969905
2 40 43 99054160
2 40 44 579740165
2 40 45 146184259
2 40 46 285613324
2 40 47 250098635
2 40 48 185441671
2 40 49 670251685
2 40 50 852752955
2 40 51 375836167
2 40 52 217650487
2 40 53 514181172
2 40 54 433416310
2 40 55 737881203
2 40 56 902812100
2 40 57 379816105
2 40 58 838036920
2 40 59 280735645
2 40 60 263557816
2 40 61 100734476
2 40 62 173601550
2 40 63 288485433
2 40 64 692792190
2 40 65 915419523
2 40 66 544169109
2 40 67 705629005
2 40 68 963543534
2 40 69 348733164
2 40 70 637292709
2 40 71 925717463
2 40 72 21960117
2 40 73 790758714
2 40 74 278922139
2 40 75 160395459
2 40 76 179060804
2 40 77 533629687
2 40 78 578570152
2 40 79 952979155
2 40 80 667205488
2 40 81 687690430
2 40 82 203018323
2 40 83 826466222
2 40 84 520949310
2 40 85 897700868
2 40 86 16456666
2 40 87 762843187
2 40 88 123488948
2 40 89 127249993
2 40 90 764104889
2 40 91 402498940
2 40 92 691380713
2 40 93 428880496
2 40 94 724883349
2 40 95 950377734
2 40 96 836233468
2 40 97 224531880
2 40 98 47011091
2 40 99 710071929
2 40 100 376122090
2 41 41 960075950
2 41 42 154783009
2 41 43 808510988
2 41 44 414587122
2 41 45 974961809
2 41 46 664493981
2 41 47 983766339
2 41 48 601150560
2 41 49 82591232
2 41 50 189076302
2 41 51 274694320
2 41 52 864829973
2 41 53 627724569
2 41 54 708156893
2 41 55 107143692
2 41 56 360096939
2 41 57 972026383
2 41 58 487752501
2 41 59 182226252
2 41 60 844773258
2 41 61 408736610
2 41 62 136164720
2 41 63 744265977
2 41 64 63505767
2 41 65 626044887
2 41 66 197301334
2 41 67 765630982
2 41 68 90766871
2 41 69 686588954
2 41 70 930185449
2 41 71 103760148
2 41 72 569266850
2 41 73 931270774
2 41 74 840035964
2 41 75 978581951
2 41 76 493932866
2 41 77 205103297
2 41 78 805736208
2 41 79 199259213
2 41 80 328773998
2 41 81 874185244
2 41 82 974277291
2 41 83 439747214
2 41 84 112867442
2 41 85 595901269
2 41 86 645567726
2 41 87 690444335
2 41 88 597379162
2 41 89 142725302
2 41 90 25660547
2 41 91 799423379
2 41 92 169582074
2 41 93 992849596
2 41 94 847726755
2 41 95 939959113
2 41 96 876402680
2 41 97 314556361
2 41 98 670406064
2 41 99 72543685
2 41 100 377699898
2 42 42 402602322
2 42 43 788322385
2 42 44 625724856
2 42 45 386891785
2 42 46 217350234
2 42 47 411262927
2 42 48 860842446
2 42 49 386787177
2 42 50 565943960
2 42 51 252773493
2 42 52 515129768
2 42 53 639696861
2 42 54 910771256
2 42 55 915960236
2 42 56 852824957
2 42 57 816942493
2 42 58 780381667
2 42 59 195548119
2 42 60 837105556
2 42 61 216504852
2 42 62 992645286
2 42 63 648285441
2 42 64 744466267
2 42 65 352936306
2 42 66 102568576
2 42 67 83804854
2 42 68 174678789
2 42 69 141827823
2 42 70 690842305
2 42 71 8771093
2 42 72 947481461
2 42 73 463818544
2 42 74 626186868
2 42 75 328423806
2 42 76 417405995
2 42 77 558842579
2 42 78 86410996
2 42 79 93381030
2 42 80 436600532
2 42 81 402674478
2 42 82 34355598
2 42 83 249408737
2 42 84 714099101
2 42 85 746209022
2 42 86 18754913
2 42 87 536043098
2 42 88 630207936
2 42 89 644710745
2 42 90 903982919
2 42 91 488892807
2 42 92 17956814
2 42 93 1784097
2 42 94 633439617
2 42 95 385108937
2 42 96 625881780
2 42 97 422947453
2 42 98 404426900
2 42 99 278270088
2 42 100 474972540
2 43 43 933875668
2 43 44 981772775
2 43 45 227117346
2 43 46 697958018
2 43 47 216335569
2 43 48 12186242
2 43 49 573388159
2 43 50 554959058
2 43 51 729007974
2 43 52 597263760
2 43 53 466740668
2 43 54 586918374
2 43 55 743526033
2 43 56 689974975
2 43 57 916352043
2 43 58 339817457
2 43 59 957473550
2 43 60 779904593
2 43 61 13873017
2 43 62 300821412
2 43 63 82970394
2 43 64 611096830
2 43 65 560750922
2 43 66 512449615
2 43 67 586416949
2 43 68 254979271
2 43 69 837858037
2 43 70 232039777
2 43 71 174112588
2 43 72 747706469
2 43 73 786375120
2 43 74 174135987
2 43 75 824568340
2 43 76 870060152
2 43 77 76592843
2 43 78 59593466
2 43 79 181700413
2 43 80 792354380
2 43 81 590145279
2 43 82 976103145
2 43 83 993352168
2 43 84 589604533
2 43 85 988709757
2 43 86 529632052
2 43 87 189946767
2 43 88 132472060
2 43 89 15197148
2 43 90 393932667
2 43 91 766798187
2 43 92 201361275
2 43 93 258868149
2 43 94 414417893
2 43 95 294200764
2 43 96 608506611
2 43 97 941767797
2 43 98 3700340
2 43 99 133416924
2 43 100 643292400
2 44 44 299775448
2 44 45 159708354
2 44 46 699647396
2 44 47 38796243
2 44 48 514508629
2 44 49 250744402
2 44 50 489974020
2 44 51 555346181
2 44 52 998678963
2 44 53 83818588
2 44 54 271066220
2 44 55 999438499
2 44 56 582127626
2 44 57 92804930
2 44 58 227750377
2 44 59 236933097
2 44 60 909088892
2 44 61 548717312
2 44 62 22392865
2 44 63 693782773
2 44 64 634900649
2 44 65 765764974
2 44 66 55290654
2 44 67 315104274
2 44 68 286313288
2 44 69 932211140
2 44 70 329758328
2 44 71 27364629
2 44 72 139311352
2 44 73 72376550
2 44 74 140019046
2 44 75 249358228
2 44 76 574975313
2 44 77 442787564
2 44 78 662014828
2 44 79 776483605
2 44 80 98347206
2 44 81 599154793
2 44 82 360443529
2 44 83 836642917
2 44 84 464829795
2 44 85 242782144
2 44 86 895020021
2 44 87 171121081
2 44 88 588906456
2 44 89 862111103
2 44 90 955484002
2 44 91 186548208
2 44 92 392327453
2 44 93 243065687
2 44 94 660785163
2 44 95 335571908
2 44 96 648284428
2 44 97 863540679
2 44 98 347059388
2 44 99 619579307
2 44 100 796161473
2 45 45 818525964
2 45 46 721266657
2 45 47 167970698
2 45 48 71301413
2 45 49 644040845
2 45 50 131954880
2 45 51 463131060
2 45 52 38132856
2 45 53 646540812
2 45 54 423674411
2 45 55 928016219
2 45 56 256047052
2 45 57 740172869
2 45 58 90017160
2 45 59 634301408
2 45 60 933592423
2 45 61 931389388
2 45 62 543038458
2 45 63 486854350
2 45 64 951084710
2 45 65 727659855
2 45 66 654369645
2 45 67 446167986
2 45 68 109150350
2 45 69 45479796
2 45 70 481550724
2 45 71 466512564
2 45 72 453695770
2 45 73 418883857
2 45 74 929342239
2 45 75 750132229
2 45 76 278170656
2 45 77 953279817
2 45 78 973685925
2 45 79 896319615
2 45 80 393696623
2 45 81 49588126
2 45 82 489356227
2 45 83 804476483
2 45 84 24535187
2 45 85 225883983
2 45 86 81404326
2 45 87 924038829
2 45 88 30709782
2 45 89 367669019
2 45 90 504219056
2 45 91 117302635
2 45 92 129878034
2 45 93 46827792
2 45 94 199030156
2 45 95 172242139
2 45 96 319894
2 45 97 856077541
2 45 98 727234110
2 45 99 305526858
2 45 100 732151040
2 46 46 85382573
2 46 47 142661433
2 46 48 429894138
2 46 49 88774282
2 46 50 405016316
2 46 51 452624473
2 46 52 105666846
2 46 53 939106627
2 46 54 792031667
2 46 55 821190942
2 46 56 835425841
2 46 57 890520818
2 46 58 875155563
2 46 59 85131407
2 46 60 577853848
2 46 61 395677481
2 46 62 455905927
2 46 63 811499954
2 46 64 343825068
2 46 65 436815270
2 46 66 736960679
2 46 67 826395941
2 46 68 799908099
2 46 69 290826034
2 46 70 14323110
2 46 71 793824496
2 46 72 358375547
2 46 73 800450567
2 46 74 952257035
2 46 75 158856679
2 46 76 200192128
2 46 77 746557945
2 46 78 238909929
2 46 79 687780864
2 46 80 14789294
2 46 81 835017943
2 46 82 241059742
2 46 83 689852781
2 46 84 217236257
2 46 85 811235540
2 46 86 203087001
2 46 87 844093696
2 46 88 525354785
2 46 89 644005335
2 46 90 175915101
2 46 91 872915131
2 46 92 269043333
2 46 93 556025433
2 46 94 186200344
2 46 95 227647199
2 46 96 480049496
2 46 97 359606147
2 46 98 844884613
2 46 99 402032978
2 46 100 876945290
2 47 47 377306466
2 47 48 741920142
2 47 49 721067467
2 47 50 266743329
2 47 51 461161569
2 47 52 552630790
2 47 53 834584090
2 47 54 843599037
2 47 55 841760731
2 47 56 30930938
2 47 57 538149496
2 47 58 702028758
2 47 59 941040745
2 47 60 382257875
2 47 61 408206059
2 47 62 676340624
2 47 63 658386221
2 47 64 853393258
2 47 65 262967966
2 47 66 721621948
2 47 67 172525999
2 47 68 488516345
2 47 69 489359839
2 47 70 547800138
2 47 71 800690090
2 47 72 356826705
2 47 73 234707197
2 47 74 737338496
2 47 75 576892085
2 47 76 49833131
2 47 77 253114547
2 47 78 425242881
2 47 79 939593526
2 47 80 774132010
2 47 81 478550196
2 47 82 722053880
2 47 83 332889622
2 47 84 919606241
2 47 85 271134081
2 47 86 615883090
2 47 87 292141959
2 47 88 508873390
2 47 89 694883022
2 47 90 648448581
2 47 91 598138120
2 47 92 221920289
2 47 93 808301290
2 47 94 682772873
2 47 95 537252771
2 47 96 321046712
2 47 97 568126601
2 47 98 15208154
2 47 99 14110529
2 47 100 587375105
2 48 48 430264257
2 48 49 786429515
2 48 50 767583863
2 48 51 155490646
2 48 52 418401902
2 48 53 532904724
2 48 54 978053858
2 48 55 1565938
2 48 56 687151058
2 48 57 540248040
2 48 58 118981523
2 48 59 315757033
2 48 60 257100103
2 48 61 691589429
2 48 62 76374706
2 48 63 409316029
2 48 64 279601732
2 48 65 112626219
2 48 66 806639324
2 48 67 99523833
2 48 68 553222102
2 48 69 895823466
2 48 70 332442807
2 48 71 855530812
2 48 72 750084630
2 48 73 502904103
2 48 74 825756478
2 48 75 519326773
2 48 76 956758158
2 48 77 292657197
2 48 78 344542767
2 48 79 189589346
2 48 80 632204123
2 48 81 794566089
2 48 82 711985859
2 48 83 450274318
2 48 84 569406571
2 48 85 113506881
2 48 86 287885364
2 48 87 402291260
2 48 88 457358602
2 48 89 518182402
2 48 90 663683774
2 48 91 982910285
2 48 92 476909543
2 48 93 194494466
2 48 94 924721207
2 48 95 520104292
2 48 96 328721015
2 48 97 665280761
2 48 98 789830351
2 48 99 537600505
2 48 100 441182372
2 49 49 861465420
2 49 50 113627488
2 49 51 951065144
2 49 52 232694369
2 49 53 133854219
2 49 54 32140608
2 49 55 724583391
2 49 56 555323952
2 49 57 798973253
2 49 58 213404234
2 49 59 356954294
2 49 60 935665105
2 49 61 759673370
2 49 62 107275570
2 49 63 310776855
2 49 64 351131890
2 49 65 695721583
2 49 66 973158067
2 49 67 659876261
2 49 68 51490732
2 49 69 125663473
2 49 70 552363152
2 49 71 392652444
2 49 72 909428124
2 49 73 438194526
2 49 74 533322122
2 49 75 807887289
2 49 76 587532538
2 49 77 405358117
2 49 78 803071742
2 49 79 916527333
2 49 80 926274161
2 49 81 658751287
2 49 82 415737537
2 49 83 889552299
2 49 84 663845291
2 49 85 333548700
2 49 86 699257012
2 49 87 838674879
2 49 88 212894752
2 49 89 311529014
2 49 90 31750758
2 49 91 454193936
2 49 92 842278722
2 49 93 126789787
2 49 94 795172824
2 49 95 293831555
2 49 96 592813004
2 49 97 455458910
2 49 98 434853099
2 49 99 620964286
2 49 100 321684537
2 50 50 285650518
2 50 51 529944647
2 50 52 341228814
2 50 53 610580124
2 50 54 346991828
2 50 55 952167436
2 50 56 74378884
2 50 57 818176447
2 50 58 446069392
2 50 59 294815637
2 50 60 514176302
2 50 61 139653209
2 50 62 862334537
2 50 63 420732517
2 50 64 564267321
2 50 65 296677262
2 50 66 10050938
2 50 67 252434926
2 50 68 954804203
2 50 69 897940284
2 50 70 890448796
2 50 71 31444490
2 50 72 171868951
2 50 73 289183761
2 50 74 985419185
2 50 75 33432516
2 50 76 381040940
2 50 77 510595880
2 50 78 37708282
2 50 79 568341225
2 50 80 101659597
2 50 81 94206493
2 50 82 934430771
2 50 83 585950052
2 50 84 828402784
2 50 85 426564763
2 50 86 634674062
2 50 87 346592394
2 50 88 532108232
2 50 89 808886966
2 50 90 200535796
2 50 91 640322309
2 50 92 699375612
2 50 93 891321112
2 50 94 309013636
2 50 95 109936224
2 50 96 721500952
2 50 97 465424238
2 50 98 197958056
2 50 99 179842576
2 50 100 259212419
2 51 51 599088108
2 51 52 165192905
2 51 53 546497818
2 51 54 725735299
2 51 55 415369175
2 51 56 343095935
2 51 57 229662167
2 51 58 676376871
2 51 59 450337853
2 51 60 821877600
2 51 61 538574454
2 51 62 452486161
2 51 63 351281760
2 51 64 815490572
2 51 65 293765821
2 51 66 149584182
2 51 67 890576345
2 51 68 280212929
2 51 69 47094853
2 51 70 809170637
2 51 71 948367022
2 51 72 780732326
2 51 73 199037266
2 51 74 102787621
2 51 75 397429388
2 51 76 885247497
2 51 77 766769357
2 51 78 406048873
2 51 79 808037303
2 51 80 24278825
2 51 81 828090608
2 51 82 750741411
2 51 83 874089349
2 51 84 986618835
2 51 85 234921238
2 51 86 92950451
2 51 87 757041378
2 51 88 272664899
2 51 89 84928861
2 51 90 951708195
2 51 91 49884171
2 51 92 824393733
2 51 93 367514491
2 51 94 754601239
2 51 95 357171490
2 51 96 177299060
2 51 97 926054176
2 51 98 430164049
2 51 99 356257192
2 51 100 909386320
2 52 52 333140322
2 52 53 554715069
2 52 54 15118224
2 52 55 431195429
2 52 56 58810353
2 52 57 786596307
2 52 58 491964275
2 52 59 908166941
2 52 60 696444267
2 52 61 545382661
2 52 62 985070391
2 52 63 70676332
2 52 64 542802660
2 52 65 691346240
2 52 66 180499083
2 52 67 691785848
2 52 68 625860576
2 52 69 893651416
2 52 70 713398007
2 52 71 137447793
2 52 72 749891792
2 52 73 399815833
2 52 74 85450688
2 52 75 918321137
2 52 76 331291537
2 52 77 572293788
2 52 78 558939643
2 52 79 65376712
2 52 80 360720356
2 52 81 720478548
2 52 82 108077889
2 52 83 794145003
2 52 84 477840307
2 52 85 590689521
2 52 86 265938294
2 52 87 163445154
2 52 88 388705859
2 52 89 556210626
2 52 90 654205289
2 52 91 186136640
2 52 92 643803653
2 52 93 485307112
2 52 94 23156133
2 52 95 267236767
2 52 96 596971290
2 52 97 162874291
2 52 98 994085467
2 52 99 425138624
2 52 100 844919577
2 53 53 937263939
2 53 54 884104049
2 53 55 710120109
2 53 56 738189090
2 53 57 944659626
2 53 58 855073197
2 53 59 54855884
2 53 60 551048710
2 53 61 738996945
2 53 62 800370721
2 53 63 185543876
2 53 64 810915218
2 53 65 140386988
2 53 66 22117389
2 53 67 557239291
2 53 68 969921078
2 53 69 458732526
2 53 70 709086505
2 53 71 801194155
2 53 72 625026522
2 53 73 540993467
2 53 74 991969391
2 53 75 132035168
2 53 76 561461065
2 53 77 248396058
2 53 78 634892960
2 53 79 383848897
2 53 80 391182710
2 53 81 256334535
2 53 82 118614133
2 53 83 892014149
2 53 84 631224165
2 53 85 911669551
2 53 86 409484750
2 53 87 165946283
2 53 88 724135461
2 53 89 128440303
2 53 90 536845307
2 53 91 432221420
2 53 92 511198005
2 53 93 348896826
2 53 94 729983797
2 53 95 326555610
2 53 96 414641948
2 53 97 190656388
2 53 98 363391048
2 53 99 963131370
2 53 100 926294942
2 54 54 423415229
2 54 55 49270603
2 54 56 908969282
2 54 57 137996558
2 54 58 855075822
2 54 59 379255877
2 54 60 292207253
2 54 61 518797540
2 54 62 475019415
2 54 63 797139732
2 54 64 18395254
2 54 65 935245533
2 54 66 93736502
2 54 67 552556322
2 54 68 578770467
2 54 69 734937791
2 54 70 59181097
2 54 71 253201766
2 54 72 190728974
2 54 73 597183187
2 54 74 80119803
2 54 75 688167537
2 54 76 989125408
2 54 77 441884892
2 54 78 752008101
2 54 79 499315612
2 54 80 178716508
2 54 81 61174671
2 54 82 723493241
2 54 83 138109370
2 54 84 240235999
2 54 85 759171479
2 54 86 760303115
2 54 87 135378101
2 54 88 799944850
2 54 89 669865835
2 54 90 122165578
2 54 91 91028500
2 54 92 607351564
2 54 93 19783984
2 54 94 56412878
2 54 95 293376304
2 54 96 395308509
2 54 97 191412079
2 54 98 256084374
2 54 99 462956076
2 54 100 588984559
2 55 55 848671298
2 55 56 518029427
2 55 57 70101035
2 55 58 226743149
2 55 59 990593972
2 55 60 114495548
2 55 61 523110929
2 55 62 478648948
2 55 63 983598948
2 55 64 991393161
2 55 65 403127872
2 55 66 946317456
2 55 67 721733965
2 55 68 686520033
2 55 69 174509639
2 55 70 433304073
2 55 71 692164526
2 55 72 983651109
2 55 73 573831851
2 55 74 581174398
2 55 75 727699288
2 55 76 668693654
2 55 77 384084067
2 55 78 752749465
2 55 79 726665014
2 55 80 233596221
2 55 81 573643784
2 55 82 488791381
2 55 83 66144340
2 55 84 604183851
2 55 85 143590025
2 55 86 557921601
2 55 87 159152148
2 55 88 725190139
2 55 89 80308214
2 55 90 54217143
2 55 91 321166093
2 55 92 914205585
2 55 93 814995017
2 55 94 90601331
2 55 95 841617046
2 55 96 132764051
2 55 97 332221405
2 55 98 998184998
2 55 99 866983147
2 55 100 856057074
2 56 56 212654071
2 56 57 682133345
2 56 58 561824328
2 56 59 177375765
2 56 60 920449248
2 56 61 267199581
2 56 62 621608648
2 56 63 640962628
2 56 64 986208282
2 56 65 258365142
2 56 66 100665403
2 56 67 813993192
2 56 68 229143289
2 56 69 176289463
2 56 70 931139702
2 56 71 325697913
2 56 72 25416982
2 56 73 59421995
2 56 74 215279930
2 56 75 212353885
2 56 76 350486498
2 56 77 491340377
2 56 78 444034536
2 56 79 721492332
2 56 80 594999875
2 56 81 185225353
2 56 82 184139065
2 56 83 604323640
2 56 84 600882645
2 56 85 123287807
2 56 86 840817632
2 56 87 318547749
2 56 88 395602624
2 56 89 948023671
2 56 90 326481043
2 56 91 707657855
2 56 92 580803107
2 56 93 62662188
2 56 94 285459603
2 56 95 929634535
2 56 96 841029043
2 56 97 338103945
2 56 98 530678301
2 56 99 855791002
2 56 100 759015999
2 57 57 760946619
2 57 58 349724960
2 57 59 670343359
2 57 60 968768670
2 57 61 680732320
2 57 62 716346058
2 57 63 637491671
2 57 64 908475235
2 57 65 187629649
2 57 66 772450835
2 57 67 370504186
2 57 68 614427974
2 57 69 491789357
2 57 70 878272199
2 57 71 946927192
2 57 72 322293619
2 57 73 17390659
2 57 74 965753047
2 57 75 796315791
2 57 76 427513382
2 57 77 524684691
2 57 78 942725212
2 57 79 470043072
2 57 80 416493212
2 57 81 625397025
2 57 82 238899965
2 57 83 545365800
2 57 84 36495517
2 57 85 906734454
2 57 86 419910259
2 57 87 203466294
2 57 88 543742407
2 57 89 666777377
2 57 90 479012664
2 57 91 113919464
2 57 92 816059047
2 57 93 768215803
2 57 94 113351752
2 57 95 638840241
2 57 96 13999932
2 57 97 991845958
2 57 98 799591074
2 57 99 172381700
2 57 100 229729655
2 58 58 24550376
2 58 59 282253878
2 58 60 122330495
2 58 61 848712970
2 58 62 86730065
2 58 63 423377281
2 58 64 622588868
2 58 65 129585867
2 58 66 820722398
2 58 67 985803120
2 58 68 549684778
2 58 69 38048847
2 58 70 754693241
2 58 71 576600174
2 58 72 524851643
2 58 73 518928501
2 58 74 582014160
2 58 75 952321748
2 58 76 456054199
2 58 77 767850142
2 58 78 570353486
2 58 79 872547946
2 58 80 422691793
2 58 81 497137635
2 58 82 393416125
2 58 83 835538230
2 58 84 993193490
2 58 85 985840366
2 58 86 547255460
2 58 87 16484397
2 58 88 181898265
2 58 89 534038246
2 58 90 759917421
2 58 91 42925278
2 58 92 478596515
2 58 93 33686616
2 58 94 6001410
2 58 95 889785891
2 58 96 114752350
2 58 97 701833540
2 58 98 98791455
2 58 99 129072085
2 58 100 8402653
2 59 59 68072247
2 59 60 27395153
2 59 61 973288226
2 59 62 330209187
2 59 63 872084301
2 59 64 317480857
2 59 65 795581735
2 59 66 299434850
2 59 67 218170713
2 59 68 379566946
2 59 69 222171935
2 59 70 331330213
2 59 71 349743623
2 59 72 628892413
2 59 73 894111847
2 59 74 163377644
2 59 75 250121310
2 59 76 748441544
2 59 77 834311092
2 59 78 242177979
2 59 79 838283291
2 59 80 887135337
2 59 81 309040464
2 59 82 502074864
2 59 83 22349558
2 59 84 872917883
2 59 85 152182087
2 59 86 273095456
2 59 87 730976310
2 59 88 953523143
2 59 89 287284430
2 59 90 674867329
2 59 91 548112571
2 59 92 723340999
2 59 93 407877646
2 59 94 111102647
2 59 95 106266023
2 59 96 790929607
2 59 97 193140643
2 59 98 301052350
2 59 99 975586148
2 59 100 849087950
2 60 60 214299877
2 60 61 352191919
2 60 62 235248163
2 60 63 709244751
2 60 64 322596463
2 60 65 296978803
2 60 66 394623069
2 60 67 830063509
2 60 68 751545718
2 60 69 762136712
2 60 70 271166929
2 60 71 176522779
2 60 72 166128760
2 60 73 120926008
2 60 74 909378637
2 60 75 692665731
2 60 76 181277344
2 60 77 664731302
2 60 78 187320733
2 60 79 702015740
2 60 80 4547390
2 60 81 137187963
2 60 82 443531890
2 60 83 646841519
2 60 84 568075724
2 60 85 703037066
2 60 86 73830107
2 60 87 918143172
2 60 88 483862994
2 60 89 90465072
2 60 90 959800898
2 60 91 998052804
2 60 92 293990751
2 60 93 697829374
2 60 94 729510578
2 60 95 9252145
2 60 96 583123087
2 60 97 419188757
2 60 98 349522028
2 60 99 795165591
2 60 100 865184215
2 61 61 833091180
2 61 62 196767671
2 61 63 997481097
2 61 64 409464715
2 61 65 563704562
2 61 66 151398565
2 61 67 952863112
2 61 68 509089212
2 61 69 307300695
2 61 70 100378307
2 61 71 732138718
2 61 72 98625406
2 61 73 960786762
2 61 74 982360619
2 61 75 186294947
2 61 76 71449583
2 61 77 866368016
2 61 78 318646721
2 61 79 194314526
2 61 80 415652103
2 61 81 427437257
2 61 82 32174828
2 61 83 635550575
2 61 84 921982653
2 61 85 201751515
2 61 86 449998440
2 61 87 221879735
2 61 88 595967709
2 61 89 908153012
2 61 90 67170020
2 61 91 408185174
2 61 92 38914297
2 61 93 636973463
2 61 94 244984932
2 61 95 699713573
2 61 96 434709595
2 61 97 56854032
2 61 98 997095479
2 61 99 801142621
2 61 100 405633899
2 62 62 987417300
2 62 63 391530602
2 62 64 960137191
2 62 65 28595281
2 62 66 893211327
2 62 67 68170603
2 62 68 422106991
2 62 69 829744196
2 62 70 326512059
2 62 71 257569127
2 62 72 161481167
2 62 73 167910554
2 62 74 866716441
2 62 75 821888170
2 62 76 796357319
2 62 77 14104539
2 62 78 961889829
2 62 79 106143700
2 62 80 170209219
2 62 81 362468148
2 62 82 323912760
2 62 83 453837355
2 62 84 677007902
2 62 85 472616628
2 62 86 48277841
2 62 87 776537008
2 62 88 662449869
2 62 89 224763154
2 62 90 744548265
2 62 91 7271935
2 62 92 900995796
2 62 93 54073507
2 62 94 151103367
2 62 95 825435842
2 62 96 760938472
2 62 97 756377644
2 62 98 794346419
2 62 99 829302506
2 62 100 899521327
2 63 63 92417924
2 63 64 961947811
2 63 65 923428497
2 63 66 678014
2 63 67 52700901
2 63 68 441469799
2 63 69 259649912
2 63 70 912046276
2 63 71 908528909
2 63 72 964470841
2 63 73 9305587
2 63 74 421737101
2 63 75 733919045
2 63 76 960090359
2 63 77 460661781
2 63 78 549397329
2 63 79 502494773
2 63 80 176059989
2 63 81 611006749
2 63 82 112127776
2 63 83 238944519
2 63 84 659536835
2 63 85 968730101
2 63 86 529653020
2 63 87 469296214
2 63 88 787595902
2 63 89 70487942
2 63 90 517049694
2 63 91 395872000
2 63 92 277356544
2 63 93 595037226
2 63 94 250085965
2 63 95 10401460
2 63 96 315778094
2 63 97 878918784
2 63 98 501182559
2 63 99 926012806
2 63 100 719138605
2 64 64 808313560
2 64 65 345829228
2 64 66 893879856
2 64 67 189165073
2 64 68 63423774
2 64 69 903029334
2 64 70 408506889
2 64 71 80804719
2 64 72 149675302
2 64 73 482281104
2 64 74 261210043
2 64 75 358888445
2 64 76 426987046
2 64 77 762662529
2 64 78 109481063
2 64 79 888087814
2 64 80 244813055
2 64 81 844920158
2 64 82 59874687
2 64 83 408345534
2 64 84 625291564
2 64 85 685274598
2 64 86 289587153
2 64 87 443714063
2 64 88 543832804
2 64 89 212638429
2 64 90 587791203
2 64 91 421341814
2 64 92 256649219
2 64 93 781165032
2 64 94 623594795
2 64 95 33134920
2 64 96 519528969
2 64 97 976762420
2 64 98 501645543
2 64 99 61807651
2 64 100 310523861
2 65 65 914582948
2 65 66 232843875
2 65 67 486927819
2 65 68 353829222
2 65 69 370911248
2 65 70 71136948
2 65 71 461459676
2 65 72 618460329
2 65 73 999842966
2 65 74 46527770
2 65 75 578386986
2 65 76 491407165
2 65 77 817427185
2 65 78 794754619
2 65 79 30905021
2 65 80 790222946
2 65 81 311597451
2 65 82 248756214
2 65 83 664076463
2 65 84 921198324
2 65 85 376274320
2 65 86 499172509
2 65 87 690629548
2 65 88 232625518
2 65 89 126273707
2 65 90 324847317
2 65 91 835470676
2 65 92 523294989
2 65 93 637991092
2 65 94 768486315
2 65 95 446574490
2 65 96 31934348
2 65 97 265476572
2 65 98 677568100
2 65 99 81009730
2 65 100 79294930
2 66 66 370486877
2 66 67 161418001
2 66 68 410812876
2 66 69 776578122
2 66 70 293583898
2 66 71 75271507
2 66 72 176837553
2 66 73 486050690
2 66 74 670941690
2 66 75 618850872
2 66 76 55645878
2 66 77 579910488
2 66 78 50129073
2 66 79 860616424
2 66 80 65545190
2 66 81 337571957
2 66 82 930007477
2 66 83 956398571
2 66 84 28441865
2 66 85 734478529
2 66 86 399522940
2 66 87 402579753
2 66 88 605220508
2 66 89 607443046
2 66 90 501791590
2 66 91 440734052
2 66 92 798204904
2 66 93 833947463
2 66 94 195864823
2 66 95 940075105
2 66 96 75563984
2 66 97 122841571
2 66 98 585261908
2 66 99 389187518
2 66 100 548448700
2 67 67 858606985
2 67 68 827827478
2 67 69 313400903
2 67 70 173337687
2 67 71 617717903
2 67 72 769570503
2 67 73 145840612
2 67 74 801998610
2 67 75 387260621
2 67 76 670171973
2 67 77 877436152
2 67 78 80582456
2 67 79 125628792
2 67 80 65841917
2 67 81 19734007
2 67 82 123262587
2 67 83 81609999
2 67 84 812292239
2 67 85 468792294
2 67 86 617275778
2 67 87 974768942
2 67 88 777613665
2 67 89 12973084
2 67 90 618335909
2 67 91 751482397
2 67 92 570136258
2 67 93 453332361
2 67 94 469162918
2 67 95 425799874
2 67 96 248039411
2 67 97 263397251
2 67 98 980478434
2 67 99 63818564
2 67 100 857459520
2 68 68 947054353
2 68 69 197917625
2 68 70 613719489
2 68 71 618958292
2 68 72 150365304
2 68 73 236173931
2 68 74 116588651
2 68 75 372630987
2 68 76 752286087
2 68 77 561418682
2 68 78 537645829
2 68 79 711726188
2 68 80 150058228
2 68 81 167738671
2 68 82 645295578
2 68 83 338890676
2 68 84 800508758
2 68 85 270805043
2 68 86 675652250
2 68 87 918921340
2 68 88 61727503
2 68 89 442636111
2 68 90 451319688
2 68 91 788693750
2 68 92 637315486
2 68 93 7866215
2 68 94 561534077
2 68 95 848931651
2 68 96 199645802
2 68 97 212115327
2 68 98 552085643
2 68 99 329488318
2 68 100 980741654
2 69 69 193259647
2 69 70 652813111
2 69 71 803529902
2 69 72 137363718
2 69 73 624184390
2 69 74 479628792
2 69 75 882376290
2 69 76 754107519
2 69 77 157138728
2 69 78 899126810
2 69 79 370689875
2 69 80 810995946
2 69 81 823986684
2 69 82 456331219
2 69 83 178771933
2 69 84 867530761
2 69 85 585301957
2 69 86 474285435
2 69 87 632915640
2 69 88 821292696
2 69 89 311712053
2 69 90 589758010
2 69 91 487908193
2 69 92 761751322
2 69 93 982190578
2 69 94 624761414
2 69 95 870604530
2 69 96 716369392
2 69 97 841210782
2 69 98 716373701
2 69 99 896384156
2 69 100 223426629
2 70 70 587822023
2 70 71 664259946
2 70 72 726423359
2 70 73 168769594
2 70 74 724815349
2 70 75 552142941
2 70 76 577628836
2 70 77 241654457
2 70 78 279968169
2 70 79 801026084
2 70 80 73093273
2 70 81 966657760
2 70 82 821184513
2 70 83 908235514
2 70 84 893500574
2 70 85 996888960
2 70 86 568288209
2 70 87 506319115
2 70 88 8291545
2 70 89 708815012
2 70 90 630498123
2 70 91 154261930
2 70 92 430428017
2 70 93 435038929
2 70 94 197205899
2 70 95 652243866
2 70 96 28470109
2 70 97 785079770
2 70 98 562089220
2 70 99 610447405
2 70 100 790762954
2 71 71 889720073
2 71 72 65219666
2 71 73 917324772
2 71 74 590458710
2 71 75 953834938
2 71 76 593550160
2 71 77 232042606
2 71 78 30796644
2 71 79 585992610
2 71 80 341210208
2 71 81 424703547
2 71 82 764846231
2 71 83 905245110
2 71 84 557316768
2 71 85 223375816
2 71 86 909201803
2 71 87 766745508
2 71 88 609302936
2 71 89 638103888
2 71 90 671129656
2 71 91 567736475
2 71 92 22268674
2 71 93 570000058
2 71 94 558609452
2 71 95 847120275
2 71 96 677889955
2 71 97 387165913
2 71 98 931618247
2 71 99 520273739
2 71 100 480228833
2 72 72 993460256
2 72 73 796481729
2 72 74 673852992
2 72 75 206905835
2 72 76 399283662
2 72 77 434642702
2 72 78 577977911
2 72 79 595062181
2 72 80 726733082
2 72 81 965994177
2 72 82 416027705
2 72 83 940695070
2 72 84 667642038
2 72 85 485019983
2 72 86 393904204
2 72 87 456025076
2 72 88 533894220
2 72 89 411936239
2 72 90 551015387
2 72 91 827688601
2 72 92 791106482
2 72 93 125880812
2 72 94 535592344
2 72 95 8898917
2 72 96 881391769
2 72 97 627765862
2 72 98 239084241
2 72 99 485369906
2 72 100 830433634
2 73 73 798738847
2 73 74 553580389
2 73 75 914870572
2 73 76 647884199
2 73 77 419659983
2 73 78 869874523
2 73 79 599644393
2 73 80 624129541
2 73 81 825272382
2 73 82 609062385
2 73 83 940777590
2 73 84 681154824
2 73 85 988445864
2 73 86 928605273
2 73 87 598539315
2 73 88 115901527
2 73 89 927877180
2 73 90 493654254
2 73 91 771893712
2 73 92 592476096
2 73 93 981517322
2 73 94 967172922
2 73 95 477797759
2 73 96 630315976
2 73 97 991996446
2 73 98 468449176
2 73 99 894989515
2 73 100 218345116
2 74 74 769831591
2 74 75 264421357
2 74 76 510306401
2 74 77 267692930
2 74 78 284789340
2 74 79 252114910
2 74 80 680101015
2 74 81 6156941
2 74 82 369480348
2 74 83 396589723
2 74 84 974017893
2 74 85 497848735
2 74 86 124096085
2 74 87 973736534
2 74 88 441061383
2 74 89 586027430
2 74 90 916783072
2 74 91 963605305
2 74 92 777883344
2 74 93 996905667
2 74 94 954240392
2 74 95 893416967
2 74 96 628768573
2 74 97 283465096
2 74 98 375089900
2 74 99 62245922
2 74 100 972502131
2 75 75 961061695
2 75 76 300854655
2 75 77 376636343
2 75 78 598860764
2 75 79 635430120
2 75 80 24118614
2 75 81 107539456
2 75 82 257176895
2 75 83 277083608
2 75 84 392801422
2 75 85 154511080
2 75 86 943284115
2 75 87 964813912
2 75 88 942418007
2 75 89 121867746
2 75 90 264195916
2 75 91 18644988
2 75 92 23063973
2 75 93 730511077
2 75 94 199711165
2 75 95 220140687
2 75 96 93121467
2 75 97 361647203
2 75 98 531396256
2 75 99 477683122
2 75 100 978732842
2 76 76 990780510
2 76 77 804155273
2 76 78 59092110
2 76 79 147219502
2 76 80 714166170
2 76 81 937427415
2 76 82 537975542
2 76 83 938055283
2 76 84 935802472
2 76 85 268104586
2 76 86 149087501
2 76 87 424166165
2 76 88 117859677
2 76 89 471099682
2 76 90 727466061
2 76 91 429042673
2 76 92 345155163
2 76 93 497054041
2 76 94 527578221
2 76 95 453478983
2 76 96 974823459
2 76 97 705356672
2 76 98 950800659
2 76 99 776615330
2 76 100 958315153
2 77 77 12841083
2 77 78 515488887
2 77 79 194494790
2 77 80 247538130
2 77 81 676086965
2 77 82 841294037
2 77 83 59909137
2 77 84 175709380
2 77 85 611186646
2 77 86 942167090
2 77 87 743043585
2 77 88 80906545
2 77 89 742366382
2 77 90 415912972
2 77 91 791797761
2 77 92 467054781
2 77 93 299936822
2 77 94 283679913
2 77 95 112252592
2 77 96 8337698
2 77 97 541801080
2 77 98 638542769
2 77 99 650105897
2 77 100 133597739
2 78 78 551160157
2 78 79 332809281
2 78 80 454437120
2 78 81 394035827
2 78 82 493704431
2 78 83 843956150
2 78 84 408054909
2 78 85 962771097
2 78 86 511191624
2 78 87 222893221
2 78 88 423370237
2 78 89 324831884
2 78 90 951444101
2 78 91 846210343
2 78 92 810771788
2 78 93 667903330
2 78 94 284492566
2 78 95 25216366
2 78 96 236448616
2 78 97 627076931
2 78 98 317588474
2 78 99 962573489
2 78 100 795535503
2 79 79 575545625
2 79 80 536668201
2 79 81 409632088
2 79 82 907037161
2 79 83 114722785
2 79 84 509861364
2 79 85 465946499
2 79 86 206378888
2 79 87 787598463
2 79 88 807563654
2 79 89 219372755
2 79 90 232123171
2 79 91 645712527
2 79 92 272694800
2 79 93 552928020
2 79 94 549823797
2 79 95 816964741
2 79 96 510658990
2 79 97 204366717
2 79 98 151012962
2 79 99 587051654
2 79 100 407986902
2 80 80 54966346
2 80 81 194815953
2 80 82 316518559
2 80 83 257480273
2 80 84 238010225
2 80 85 238252737
2 80 86 714129749
2 80 87 594223025
2 80 88 66906600
2 80 89 897147436
2 80 90 365473448
2 80 91 780698448
2 80 92 857972106
2 80 93 702913705
2 80 94 966627692
2 80 95 32406559
2 80 96 655828513
2 80 97 302324604
2 80 98 263243791
2 80 99 493419933
2 80 100 74440422
2 81 81 590447012
2 81 82 836846456
2 81 83 800637317
2 81 84 947932060
2 81 85 317789615
2 81 86 248786054
2 81 87 549429887
2 81 88 683750217
2 81 89 826766802
2 81 90 287402615
2 81 91 388020979
2 81 92 952445550
2 81 93 229862087
2 81 94 525067900
2 81 95 381629212
2 81 96 647268656
2 81 97 828474398
2 81 98 583853085
2 81 99 196843896
2 81 100 826369111
2 82 82 49055778
2 82 83 490724729
2 82 84 604323498
2 82 85 602659095
2 82 86 712022780
2 82 87 171745035
2 82 88 335736958
2 82 89 68295686
2 82 90 437723417
2 82 91 328028519
2 82 92 934589643
2 82 93 309779139
2 82 94 185112
2 82 95 136954579
2 82 96 417957201
2 82 97 134394646
2 82 98 946598071
2 82 99 712773183
2 82 100 921491783
2 83 83 746055205
2 83 84 851327199
2 83 85 552997723
2 83 86 598615026
2 83 87 73018114
2 83 88 456418215
2 83 89 492018018
2 83 90 760214755
2 83 91 99398224
2 83 92 578736787
2 83 93 668823376
2 83 94 169189625
2 83 95 336055162
2 83 96 86407013
2 83 97 572667452
2 83 98 599918457
2 83 99 387219934
2 83 100 484101339
2 84 84 647176954
2 84 85 474673337
2 84 86 693760130
2 84 87 697230657
2 84 88 934642234
2 84 89 496789152
2 84 90 785738990
2 84 91 815058104
2 84 92 646846962
2 84 93 197974851
2 84 94 803446732
2 84 95 323231
2 84 96 361452756
2 84 97 104094184
2 84 98 452848363
2 84 99 855899522
2 84 100 448849473
2 85 85 477436232
2 85 86 940727628
2 85 87 177283263
2 85 88 802506537
2 85 89 75424570
2 85 90 290582039
2 85 91 634684188
2 85 92 895796223
2 85 93 998505694
2 85 94 324616988
2 85 95 527718237
2 85 96 929997275
2 85 97 598435869
2 85 98 891579981
2 85 99 885443783
2 85 100 802983556
2 86 86 173307522
2 86 87 593976073
2 86 88 276453634
2 86 89 152126835
2 86 90 235720813
2 86 91 633547431
2 86 92 389137682
2 86 93 438274722
2 86 94 960446679
2 86 95 734154157
2 86 96 931428405
2 86 97 879367860
2 86 98 548093212
2 86 99 281504573
2 86 100 383796450
2 87 87 105802191
2 87 88 203989688
2 87 89 498491682
2 87 90 851284059
2 87 91 451167957
2 87 92 131015364
2 87 93 44651151
2 87 94 970723786
2 87 95 785059708
2 87 96 544573822
2 87 97 53712678
2 87 98 547846856
2 87 99 294298873
2 87 100 419212810
2 88 88 843944231
2 88 89 973010385
2 88 90 639508693
2 88 91 886093251
2 88 92 493292706
2 88 93 783525539
2 88 94 427753493
2 88 95 608012447
2 88 96 983795803
2 88 97 295485395
2 88 98 842349243
2 88 99 679611446
2 88 100 161836656
2 89 89 482181762
2 89 90 184867598
2 89 91 920100124
2 89 92 825389094
2 89 93 78646294
2 89 94 989441508
2 89 95 916671286
2 89 96 729312332
2 89 97 704244403
2 89 98 513118685
2 89 99 176104111
2 89 100 851315853
2 90 90 937877196
2 90 91 840230467
2 90 92 358310730
2 90 93 331224085
2 90 94 998445997
2 90 95 891140313
2 90 96 386196417
2 90 97 33126232
2 90 98 708675800
2 90 99 915603305
2 90 100 203807672
2 91 91 701502463
2 91 92 554513100
2 91 93 121374949
2 91 94 414423145
2 91 95 202394220
2 91 96 410069744
2 91 97 333952203
2 91 98 769501098
2 91 99 934066774
2 91 100 92395483
2 92 92 664363738
2 92 93 777215165
2 92 94 993654863
2 92 95 641756132
2 92 96 831329833
2 92 97 409580445
2 92 98 375837853
2 92 99 96364361
2 92 100 717177170
2 93 93 148002512
2 93 94 364026766
2 93 95 733956222
2 93 96 655236761
2 93 97 458071183
2 93 98 478929045
2 93 99 633268848
2 93 100 856826343
2 94 94 690822800
2 94 95 444822945
2 94 96 962848935
2 94 97 88593412
2 94 98 79194069
2 94 99 164620752
2 94 100 549614008
2 95 95 649422551
2 95 96 452550406
2 95 97 901574943
2 95 98 242540603
2 95 99 67185827
2 95 100 757646942
2 96 96 735207621
2 96 97 624347471
2 96 98 853322591
2 96 99 784349151
2 96 100 644089495
2 97 97 99457787
2 97 98 888431872
2 97 99 175408398
2 97 100 103491506
2 98 98 22821415
2 98 99 630810832
2 98 100 300419688
2 99 99 729572775
2 99 100 301508559
2 100 100 376320901
