0
0
0
0
8404068
887314726
0
0
0
0
0
0
0
0
0
0
16966252
0
0
0
675637469
0
0
315948092
0
0
0
0
0
948872958
0
0
0
0
0
0
515822372
0
0
0
0
734112746
0
0
0
92396788
0
0
0
0
0
423700867
0
286233768
0
0
0
416405780
0
0
0
0
0
123997851
0
0
0
857899976
0
955493229
0
124353650
0
832656585
0
442394231
37378873
0
0
716521069
326339928
0
602899375
0
182962999
786742012
0
0
0
0
0
120188652
0
0
0
0
0
0
0
0
102883068
0
565684404
501340807
0
344053151
0
0
0
0
0
230762593
0
370505320
0
526598935
731139169
0
0
0
0
0
877662143
0
750427855
0
0
741775934
0
235265348
0
0
0
0
0
0
0
0
970641325
0
0
0
0
0
0
0
0
951239975
0
0
0
425497959
0
0
0
142223882
0
0
0
0
0
343108075
504461936
0
0
0
60076042
597845871
0
0
0
391201980
0
949652045
0
277616738
0
883500976
0
0
0
0
0
0
0
0
0
0
0
0
0
735868021
962500255
0
626140477
599016347
0
690766446
0
0
140125659
0
0
807940125
814865833
0
0
0
577889923
0
0
0
0
0
0
0
0
0
900707618
0
0
0
835039313
21859298
176039808
0
0
0
836237506
0
804024297
0
0
0
618550381
0
689497595
0
0
648562671
0
0
751177186
0
0
0
0
403858569
0
0
948436062
0
0
0
0
0
540174837
0
542119875
0
0
876781416
945229671
0
0
0
0
0
0
0
0
610240280
0
0
0
67496888
0
0
635081151
0
0
0
0
0
0
426726781
0
0
0
679196136
0
0
0
0
0
0
531918633
0
0
0
479475002
0
0
0
0
0
53328767
0
0
0
0
121419831
0
0
0
212277455
0
0
0
0
845119742
169404528
0
0
0
695554757
998462638
0
0
0
0
0
175116658
0
0
622877824
0
197601558
0
40648712
0
0
308126010
0
283323255
0
0
133911687
0
0
0
493183845
0
0
0
0
0
0
23728049
130017332
0
0
0
0
0
0
0
0
137036338
0
0
0
0
0
0
0
84749465
0
0
0
87939238
336879439
0
0
0
0
0
38765449
0
0
0
0
258314749
0
0
0
0
0
0
0
0
216154166
0
0
0
0
0
0
0
976206067
0
0
0
0
0
17390480
0
433426294
0
0
0
0
973994921
0
0
0
0
0
0
914500581
0
0
594067639
0
99669583
0
507887991
0
0
0
0
0
0
0
0
0
0
0
22721936
0
0
711821470
0
0
0
0
0
0
0
0
0
540369982
755560235
0
753225383
0
0
165410209
0
0
0
0
0
0
0
0
950809571
0
0
525796296
0
0
0
0
231006104
0
0
0
144969059
0
0
486047530
0
0
0
0
0
0
731566828
0
623613430
0
0
0
0
0
0
360524225
0
0
396281591
0
876312536
0
0
0
0
0
0
218767873
0
0
0
655806586
0
809874733
0
873082073
0
0
0
0
0
0
0
0
0
0
0
0
0
0
0
662783474
0
207710707
0
0
0
775484677
0
0
0
0
94808943
0
0
0
281075621
200365592
0
0
0
0
0
0
887756706
0
0
0
0
0
0
941277429
0
0
0
0
781924156
0
0
0
0
156676922
0
0
0
0
0
876258925
0
0
0
372135089
0
710433057
0
0
0
609521088
0
0
0
0
979198833
0
514773214
0
0
0
0
0
0
0
0
256653959
0
104018841
0
0
0
0
792648267
0
0
0
983311829
0
0
945020975
0
231349769
0
0
110987617
0
0
832172148
0
0
561248319
0
74501453
0
859051914
0
0
0
0
0
0
0
0
0
913816271
0
0
817023006
0
131258417
0
0
0
0
642246627
0
506736681
0
0
189523877
0
0
0
0
185037314
0
0
0
0
0
0
0
530701072
0
0
0
697517315
439326032
0
0
0
311432162
694622485
0
0
0
275505603
0
0
0
604289081
0
0
0
0
331877975
0
0
0
0
476934972
0
0
0
0
0
0
368619922
0
0
0
0
0
191844556
0
0
0
0
0
0
0
0
0
647001188
0
0
0
0
0
0
0
0
0
174178591
0
0
0
0
218757222
0
803486587
0
321888472
0
0
596566210
0
0
0
986528202
0
0
0
669943949
0
125889635
0
854791381
0
0
373867022
0
0
772226315
0
0
0
0
0
341600580
0
0
0
0
971869692
0
0
0
0
0
0
0
0
0
0
0
937871456
0
684744522
0
0
0
0
0
290980415
0
0
0
0
485803675
998370340
0
0
0
333665666
0
0
787329277
0
51638265
0
0
0
0
0
0
0
0
415740795
0
0
317781545
0
0
273472528
0
0
880541562
0
0
0
0
0
212341711
0
0
0
0
829650913
0
191178855
0
0
0
406123656
0
0
306411852
207717354
0
0
0
0
0
0
778068048
0
860518886
0
560781824
0
0
0
0
0
412820532
446031398
0
0
476925658
0
0
0
222247762
0
0
0
0
0
0
0
0
0
417791148
0
0
0
0
0
0
0
0
0
313033870
0
568667457
0
0
941310859
0
832068054
0
325251696
0
0
393540544
0
0
0
683466639
0
0
0
0
0
0
0
0
0
0
0
0
386355624
0
0
0
745891085
0
0
0
0
0
0
0
0
0
0
0
0
636894358
0
0
395873679
103653681
55153712
0
324680700
0
0
0
0
0
531583709
0
0
0
0
0
0
787499877
0
743146873
0
827501135
0
0
0
0
0
364481609
0
0
0
0
0
0
0
729833119
0
0
0
0
0
0
0
0
238693148
0
0
0
319444037
0
0
0
0
585434180
456208023
0
0
543051278
0
0
300713758
0
661916405
0
0
718517992
0
0
242574178
0
0
0
649675297
0
0
0
0
0
0
0
0
0
0
64868398
0
0
0
0
71725295
533330212
0
0
0
0
110873493
0
0
303836187
0
0
899985996
0
0
0
0
0
0
0
0
0
0
0
0
0
0
0
109489200
0
0
0
0
0
0
0
7269018
0
444532369
0
107043238
863198769
0
0
0
0
376620164
0
0
0
94923560
0
312621888
16570346
0
0
0
0
0
0
0
0
921278625
0
705956584
0
841196517
0
0
0
0
615120175
0
0
0
77153488
0
0
0
957596263
0
0
0
844979222
673227889
0
0
0
2964201
0
0
0
0
110501210
0
0
0
0
610132799
0
0
0
0
0
0
344355
0
0
0
847976453
0
0
140647652
0
603114361
0
0
0
0
0
337099376
0
0
0
0
0
0
0
0
0
625830007
0
0
0
0
66511036
0
0
680590558
0
0
799974334
0
0
0
0
0
0
0
0
0
0
364076857
0
0
0
0
0
0
0
999060404
0
309831293
0
887246383
0
0
230041866
0
0
425983229
0
0
0
0
298320102
0
0
406707655
0
144989688
0
212981113
0
67729628
0
0
0
609785
716282118
0
519096350
823509028
570102167
0
0
754886199
0
881430151
0
0
0
671255554
537242342
0
0
0
135260268
0
0
399189890
0
0
0
0
984414516
0
0
571390629
0
0
0
0
0
0
651850231
274886781
0
0
0
0
0
823559294
0
295161429
0
691194286
0
0
0
0
0
0
390979405
0
214743
0
0
0
0
0
0
0
0
181163078
0
0
0
0
0
0
0
0
0
479784876
0
554309556
0
0
0
0
0
354097472
0
0
0
0
0
0
0
603182220
0
69645483
0
0
0
0
0
0
236813743
0
0
0
0
0
0
0
230929873
0
0
0
736494512
0
990717714
0
121226967
0
0
0
172825321
0
0
0
0
80958090
0
354709826
0
0
0
0
736478143
0
346298397
0
0
962138296
0
616129088
0
0
0
0
0
8879719
0
317390794
0
0
0
795636048
0
0
992034185
0
0
0
878842645
0
0
0
0
0
474845474
0
0
0
0
425089360
0
0
0
0
0
0
0
0
0
0
0
0
154073784
0
0
485854401
0
0
0
0
0
586763829
0
0
0
0
0
733085471
0
874101226
413316605
0
0
0
0
0
0
130431431
0
484944516
790871018
0
0
0
0
0
0
0
0
665608011
0
0
220818300
0
984574253
0
756851131
120208313
429686780
0
0
0
770457515
0
0
0
0
0
0
673914132
551157740
0
0
0
0
0
0
0
0
0
465232750
0
0
0
0
0
0
0
0
41198668
0
0
0
760534716
0
0
0
0
0
0
0
0
0
0
186489044
0
0
0
0
0
52278845
0
0
0
0
0
434956773
0
0
0
321412826
0
0
0
0
181815195
0
101452380
0
0
475395909
0
0
0
0
0
60824627
0
0
0
0
0
508524577
0
0
428716461
0
0
11137542
0
0
0
0
534637890
0
0
98838916
0
58559751
0
0
0
34393588
0
0
0
0
0
0
0
0
0
0
0
897152677
0
0
0
0
156051792
0
0
918274274
0
0
0
0
682785986
0
0
0
0
0
0
0
0
0
0
0
0
0
0
0
602881300
0
0
0
0
0
0
567507294
0
858200720
0
0
0
600550443
0
0
0
0
599606804
0
607539822
0
0
0
0
195805335
0
145505654
0
0
500112900
0
355762481
0
0
0
0
0
232028415
0
0
0
0
572645423
15999901
0
481193296
0
0
80366938
0
0
277874320
888789655
0
0
0
0
0
0
0
455059886
0
0
899383221
0
0
0
0
31679794
0
0
0
0
960042705
0
471679750
0
0
0
0
0
22059227
840891683
0
0
0
0
68165682
175667655
0
0
0
0
0
0
0
0
0
736232859
0
0
0
0
736250689
0
0
0
651322148
0
0
0
0
0
100765391
0
0
0
0
446204498
0
0
0
0
0
0
0
123610038
0
979862198
0
0
0
0
0
0
0
774637279
0
0
0
0
0
0
638868531
0
129677276
0
0
0
378419797
0
0
639821554
0
0
959760458
0
0
0
0
0
0
0
0
417425418
0
379444701
0
0
0
0
0
0
0
233413180
0
0
550516869
923826081
0
0
0
0
0
0
0
0
0
0
0
0
0
0
0
0
998764622
0
0
833808630
0
0
0
0
0
0
0
425283539
0
510531168
0
0
0
0
0
0
809906749
0
584459859
0
0
31414823
0
0
0
297811268
0
0
324294311
0
0
941357933
0
249408962
0
0
0
0
0
0
0
0
0
0
214780093
0
0
0
0
0
0
0
0
0
0
0
322822262
629591452
0
0
542333526
0
334624598
0
302374919
0
0
0
140402508
0
0
0
0
0
892959909
0
0
0
0
480677258
0
0
681354849
0
0
0
0
95639843
0
0
352565634
4002568
0
0
781279059
0
700439947
0
0
272153439
0
135962315
0
0
457322167
0
0
0
0
0
0
14069717
0
0
0
367537127
0
952333484
0
912247029
0
0
895891096
0
868712912
919946954
0
0
880067370
0
924397863
0
0
0
0
0
0
0
645876161
0
0
0
387945574
0
0
908054607
0
0
965007852
0
0
605817539
0
0
521898592
172899429
0
0
0
317434452
0
0
0
0
0
0
783626455
0
0
0
23282026
0
0
802863629
0
0
283559934
0
0
187015901
0
584650762
0
0
390876574
0
0
0
0
0
0
0
0
0
0
503987810
0
0
0
0
545256971
0
0
0
886159207
0
234021072
0
0
49152383
0
0
493026311
0
0
0
0
0
0
577933422
412999024
0
527030076
0
0
0
0
0
0
0
0
721309628
0
0
0
0
0
0
0
0
0
0
94780196
0
0
0
169181744
0
0
0
0
654576143
696483610
0
701481225
0
0
0
0
0
0
0
0
0
0
0
230864145
0
0
197925414
0
0
0
0
0
786598848
0
0
0
0
0
0
0
0
0
0
30883981
0
0
0
450251775
0
0
0
120070265
919088686
0
0
0
0
586963924
0
18297446
0
566477631
0
0
660333420
0
0
0
0
100826193
0
0
0
0
0
0
0
0
629330260
0
0
0
0
0
0
0
327997367
0
0
0
0
0
0
0
145922353
0
0
0
0
0
0
601489802
0
0
0
0
0
0
0
0
0
0
0
731103357
0
0
759333198
0
815025536
0
928886829
238730703
0
0
604294266
809098558
0
480191742
0
0
0
0
0
0
0
0
0
799778953
0
42994970
0
0
0
478332180
0
0
0
758076478
0
0
0
0
0
0
0
0
0
345374214
0
494923817
0
265360154
0
0
0
0
0
0
0
0
823979804
0
509788190
0
680149665
0
0
746011193
0
0
593367624
0
0
0
0
0
738545006
0
0
0
0
0
635086726
0
0
0
0
163679186
196290662
0
814337922
0
0
85560210
0
0
0
0
0
0
0
0
0
0
894247514
0
0
0
294550200
0
0
0
398920839
0
0
152162532
0
0
0
0
0
0
648640777
582575250
0
840053884
0
0
0
0
0
0
0
111313326
0
0
0
730721024
0
0
0
0
0
9978045
0
0
0
0
0
0
0
0
0
0
0
0
0
526620816
0
58564497
0
0
0
0
483856310
0
44018596
0
0
194739060
45867847
559168385
0
0
0
0
0
0
0
549129471
0
771299647
0
801027426
0
449081204
231921715
0
0
0
0
356430164
0
0
0
749219709
64554856
0
719494950
0
0
129992101
0
982887463
311446234
0
163854427
0
0
0
0
0
993076081
0
0
0
0
0
135260968
0
0
0
0
10601216
0
0
0
0
283050486
0
0
0
0
981843742
0
555083930
0
0
0
529931760
0
215264168
0
480378556
0
0
799728542
0
0
0
0
0
269102055
0
0
0
0
0
0
201016415
0
502813797
0
0
0
0
0
0
0
519026878
0
276787778
0
621057312
0
0
0
0
108735110
0
0
17628027
0
220900802
957931797
0
0
0
0
0
0
733408244
0
0
0
46898192
485256887
0
0
0
0
187822586
0
0
0
0
0
0
0
0
0
0
0
0
0
683457515
0
0
0
390708839
59257196
0
0
445386310
0
218446106
0
600957301
0
0
0
0
865094510
0
0
0
0
0
0
0
809992573
0
0
0
0
0
0
805312692
0
741653471
267800273
0
0
0
0
49845631
0
0
41555591
0
854228
0
0
621853656
0
678850666
0
0
0
193855428
116658580
0
0
550097431
0
0
0
0
0
0
0
0
0
0
0
864326778
0
0
0
0
960009044
0
0
0
225294882
0
0
0
0
0
587156962
0
406198120
0
0
209813577
0
0
714600079
0
0
6768291
0
0
497806077
23916443
0
0
0
0
68905228
0
0
90168534
0
929340957
0
0
0
3853282
0
0
0
0
763776351
763758050
0
0
306880397
0
0
0
0
0
0
0
0
0
341606131
0
757557464
40907261
0
228400357
0
0
0
606149382
725204428
820385104
0
0
296046228
0
0
0
0
0
0
0
0
0
906022722
0
0
54435537
0
0
0
830166815
0
0
0
0
0
182474837
0
0
0
0
0
0
0
106746841
0
0
906367453
0
0
0
885280903
0
86879428
0
17320933
0
0
0
0
0
0
0
479682229
0
0
0
0
0
657228862
0
747963686
0
625767141
0
0
0
0
39415286
0
0
0
0
0
487329340
0
0
0
0
0
0
0
811971908
0
0
0
0
0
377354748
0
0
0
0
91505375
0
0
885129095
0
0
324483096
0
0
844679490
0
0
0
0
0
0
948103596
0
0
0
0
0
0
0
654878784
0
542436614
0
0
0
0
0
0
0
0
0
0
0
128819783
0
944747748
0
0
0
0
0
0
0
0
0
0
428323456
0
0
0
650846266
0
668467638
0
0
0
0
0
290599358
0
0
638631412
0
225285147
0
0
490432519
0
635599209
0
0
0
0
725268886
0
0
0
694904364
0
0
0
0
0
0
0
0
652819068
0
0
0
0
0
0
0
956007309
0
0
703507472
0
0
0
0
0
0
0
0
335193684
0
144386217
0
0
0
0
0
0
30860970
0
0
221893353
0
0
0
405219177
0
0
0
0
0
0
0
0
432561823
0
0
657933640
0
0
259228360
0
0
0
611369017
851677635
0
0
965040844
0
0
0
0
0
0
0
0
0
71327168
0
0
0
0
148716729
0
0
0
0
0
0
0
0
66845716
0
564356399
0
159825099
0
0
0
0
0
0
0
304552082
0
0
0
0
0
0
823726336
0
768442059
0
338792867
0
0
0
0
794830214
0
92298436
0
0
0
0
83229572
0
0
904543478
24856623
0
0
523459748
0
0
0
717825584
0
878622571
0
0
0
186610512
0
0
604024281
0
0
0
0
0
882516309
0
667377905
0
0
0
98074474
0
0
729785639
606531124
0
0
0
159433113
0
0
61669952
0
0
634171556
0
0
0
0
111748444
0
153880566
0
0
0
896703291
0
941992377
0
297073640
705712260
0
0
0
0
622634565
0
0
0
0
0
0
677167055
0
891596157
0
290411627
0
0
0
0
767695206
0
0
371696508
0
0
0
0
0
0
0
0
0
0
29746977
0
0
822393154
0
0
0
0
710894488
0
940243582
0
0
0
0
0
0
0
0
68806891
0
491163775
0
265835088
0
0
0
0
0
0
0
652497688
0
0
0
0
0
0
279859366
0
0
956218335
0
0
0
210394872
0
901611624
0
0
0
154044770
0
0
329193866
0
0
0
293817862
0
0
0
0
0
0
0
0
820096623
879231770
0
0
0
0
0
567164417
0
535750829
0
0
0
327742658
0
0
0
0
0
353269007
0
318043885
0
251772341
0
0
0
0
485871698
0
0
897257875
0
0
0
0
0
506491939
0
781378320
0
0
398204993
0
547353958
474959187
0
0
0
18041363
0
0
787487478
0
0
0
109898548
0
0
0
761593681
0
0
0
843620035
0
0
0
0
0
0
0
0
0
0
0
0
0
0
0
539427492
0
0
720908697
0
0
0
0
0
0
445969072
0
0
0
0
0
0
0
0
0
0
366987793
0
0
0
0
984319995
0
577423374
0
0
0
0
741695178
410531989
0
0
0
940377724
0
0
0
946777551
0
0
161808583
385190331
763454425
0
385424615
364321876
0
0
0
0
0
0
0
764048721
0
806777600
0
0
994156831
0
421470608
0
0
0
416231079
0
0
0
0
0
507795681
0
565305259
0
549937277
0
0
299263104
0
0
400750867
0
0
0
441522938
0
0
369140959
0
0
897361860
0
0
523942056
0
0
0
145898183
0
0
0
0
670121510
0
0
0
0
850311732
0
0
0
0
0
0
162709204
0
0
1883630
0
449172553
831113918
0
0
0
780345225
0
0
269039090
0
0
0
0
0
0
0
0
0
0
0
0
40365307
0
0
0
0
0
377079003
8716166
0
0
0
0
0
0
0
0
67553834
0
613382500
0
0
0
0
0
902072235
0
0
307155052
0
0
0
0
48558429
0
374434642
476487539
0
915911651
0
0
0
0
0
0
0
0
0
0
0
0
0
0
0
431656166
105464944
0
276745524
0
3204823
0
381999218
656484511
0
0
0
400539852
0
0
636489690
112730369
0
253728152
0
0
0
0
189872957
332662695
0
680575101
0
0
828682231
0
0
0
0
0
558249943
0
0
540436404
0
0
141319933
0
573521671
368523333
0
0
0
0
0
0
0
0
676367190
0
0
0
0
0
0
0
0
0
0
0
0
0
0
0
0
0
683833838
0
854782302
0
0
0
815809576
0
0
0
0
0
0
0
0
0
0
534076334
0
89040593
0
0
0
0
0
0
160923510
94847851
0
666389914
882852298
0
0
0
0
448105106
0
0
387751801
0
664845596
0
471885885
410871545
0
0
0
326711960
0
411996624
0
0
0
0
0
0
0
260742429
0
0
147364586
0
0
0
0
0
506419815
0
394546687
0
0
563423147
0
458631684
0
0
165430777
0
0
0
851011947
0
301354590
105960389
0
0
0
0
0
996344094
0
0
0
0
0
91294654
350976847
0
0
0
0
0
0
819479303
0
0
0
0
0
271120056
249858280
0
36234763
0
0
71050590
0
0
0
0
111085606
0
0
0
0
0
748860425
0
155435237
0
0
0
0
0
518963880
562546652
570082253
0
0
0
240848072
0
0
353944362
0
0
0
662121066
0
0
0
0
0
0
0
0
0
0
0
872071016
0
237423350
397228110
0
0
663206260
0
148092767
0
0
0
0
0
746890379
0
0
663967020
0
0
0
803515711
0
45096715
0
705500895
0
0
854341902
0
0
0
0
825010092
0
0
0
0
0
339692241
0
0
253926789
0
0
0
595423675
975649553
0
375968679
0
0
0
0
0
948989639
0
0
520178541
527684035
0
0
0
0
670234647
0
0
0
0
0
0
688810477
0
0
0
0
0
0
0
363633420
0
0
908271302
0
0
147631736
0
0
15337476
0
785120454
147195114
0
0
552692346
533910259
0
0
905424149
0
0
953433997
0
0
588604054
0
0
498305653
0
143622679
0
730796989
0
0
0
964196121
0
14780379
0
804115502
0
644234909
0
276374906
0
229637130
0
932075764
0
0
0
0
0
0
0
0
76006525
0
0
0
0
848430703
0
0
919432988
0
0
0
0
454323335
0
0
174693554
0
0
0
0
0
573350808
0
0
192932512
0
0
719357056
384354773
0
571527063
0
0
644133601
0
0
226702978
0
0
451328976
0
0
0
0
81345633
0
952730753
0
0
0
62924400
0
0
0
495428590
0
0
433765503
872569145
0
788465924
0
0
698531339
0
0
0
0
0
0
145047006
559988352
0
0
736965980
0
0
0
0
0
0
0
270300962
0
0
168660025
0
0
0
542719612
0
0
11026120
0
0
0
155471139
0
129037542
0
184912859
0
0
0
0
0
0
0
0
0
0
0
0
0
576376640
0
0
391701150
0
0
376577567
0
978207219
0
0
0
0
27982729
788091739
150621667
0
0
0
0
952413380
0
0
0
0
461011225
0
0
192405367
0
0
0
0
0
0
0
0
0
0
218618180
0
868712472
187132300
0
0
915803325
0
480787908
0
0
614275943
0
0
487060177
0
0
0
161150898
0
0
0
0
264217396
0
0
0
0
300075560
0
0
0
57489128
0
0
363694780
0
0
0
0
0
544730644
325343601
0
0
0
430452626
0
931480496
0
0
957752627
317460425
0
0
0
0
0
0
0
485167605
0
0
0
0
208590947
0
427626438
0
0
86106012
0
0
0
0
0
765630414
0
0
0
909633938
879302992
0
0
0
0
207033692
0
0
415406693
0
0
0
0
0
0
0
610079690
0
0
529650869
0
0
0
0
878636290
0
0
0
880083675
0
0
0
0
0
0
0
0
0
130372662
0
0
0
0
86940393
0
917243752
949102675
0
0
10568504
0
0
0
0
0
689629219
0
513572492
0
0
0
0
0
537174005
0
0
409773198
0
0
0
0
0
0
957838835
0
0
0
972832291
0
0
0
185028295
0
0
733139654
0
0
0
0
798740039
0
886096953
0
0
0
0
0
0
0
0
0
352568197
921955823
0
0
41911254
0
0
0
0
0
0
0
355727354
0
216188030
0
218685723
0
0
0
444960129
0
0
309073956
0
0
2782656
797209245
0
298579259
0
0
0
396178346
0
0
878735287
0
903450780
0
0
0
0
0
0
0
0
0
737896372
0
0
0
0
422389724
0
0
0
0
0
0
0
0
0
0
81280205
0
0
339350657
0
756861608
0
707812010
0
208754746
0
0
0
314813296
0
0
0
0
0
0
0
0
957492782
0
0
0
933670935
0
0
0
499293549
0
0
0
0
0
816731655
0
720126164
525536957
0
371987267
825757368
0
0
531681338
0
0
0
787154076
0
0
0
0
0
359423137
0
0
0
0
0
0
0
0
0
0
0
0
0
0
0
0
0
0
74193827
0
0
0
969717299
0
0
0
0
0
0
3270203
0
378119579
0
0
0
209786601
0
0
366584
0
935311843
0
0
0
0
0
218307874
0
0
0
678402921
0
0
0
0
612004476
0
0
99298923
0
0
0
0
378414536
0
0
35662775
0
176171153
0
0
880129591
0
858200540
0
0
0
0
0
0
0
231543931
0
0
377526858
0
0
0
515112583
0
386940704
0
832152532
0
0
0
0
0
417073580
0
0
0
711576699
0
0
923535330
0
402207485
0
0
0
0
0
753243875
0
480006073
0
0
0
0
335605883
0
0
0
0
67206843
0
0
0
847878174
594971067
0
812637637
0
0
223118404
0
0
0
961803961
0
0
83366315
701110196
0
0
0
0
0
0
0
944767724
0
0
620551289
0
0
0
107196621
0
0
284309816
0
347749062
0
0
0
0
425902325
0
727802653
0
0
0
0
0
0
0
0
0
0
0
761929958
0
0
600005937
0
0
0
0
105073460
0
0
0
0
0
0
706439752
0
0
0
675167161
755458693
0
0
809902583
336216735
0
808090100
0
0
280778736
0
0
0
0
451577688
0
0
693986476
0
0
1620562
236458292
0
0
0
0
885501306
0
459347737
0
0
0
0
137663653
0
0
0
0
282903335
0
0
781885625
0
0
0
0
0
410733403
0
0
861313076
0
0
0
0
0
0
377697308
0
0
0
442867364
0
0
699342775
0
0
0
0
0
72655903
0
0
0
0
0
0
747973519
0
473858202
0
0
0
0
0
309740730
0
0
0
0
658666941
0
0
0
0
0
0
0
0
0
303392309
0
739192376
895533242
0
0
0
41194677
0
0
0
0
380982876
0
0
230266490
0
0
123645044
0
0
0
545783832
0
446396080
0
0
703341504
0
21792692
0
0
0
0
317861999
0
0
0
896220334
0
0
0
0
0
0
900389732
0
0
0
0
223258603
0
0
0
0
0
0
0
0
0
490309200
0
0
0
0
594557922
117302295
0
0
772785961
0
0
0
0
0
0
0
507567341
0
0
0
0
192913399
0
0
728704051
0
531297023
0
0
0
995896630
0
0
707054535
0
843563151
0
0
0
0
0
116869266
0
0
0
0
514713227
0
978201908
0
0
427278864
0
703780234
78080126
0
0
0
0
491264118
0
0
228035396
0
126997146
972850587
0
0
268771554
0
0
0
573750522
0
0
0
0
117328891
0
273019761
0
140209782
0
0
0
0
224342044
0
0
0
604573383
0
0
0
70170712
86723348
0
0
459360938
0
627454052
0
0
518150134
0
105026662
0
0
0
0
582719286
0
0
0
428196612
0
0
0
0
0
0
0
0
301655394
0
0
0
0
0
0
0
0
310184814
0
0
936847969
708549472
0
0
0
0
0
0
0
0
0
0
0
0
92085045
0
0
509733012
0
0
72947673
0
0
0
0
0
0
277364760
0
0
0
0
0
0
0
0
0
0
0
0
0
0
0
0
0
0
0
0
0
800035210
0
187259580
0
0
507828347
0
0
0
0
531353308
0
0
0
0
780978698
0
0
480908542
0
944319420
0
0
0
0
0
0
0
0
215053186
0
0
0
0
571291482
0
0
631567493
0
0
0
0
0
0
0
0
0
0
0
0
976802464
0
475177359
0
0
0
332659506
0
766650024
0
71190203
0
350787099
0
0
0
0
0
0
0
0
0
0
987741816
0
0
223307213
0
0
0
759143086
0
0
621760849
0
0
0
975582865
0
0
0
0
519098670
0
0
318827970
0
0
0
197510723
0
926765558
605557231
0
0
0
0
50547668
0
0
0
966626879
0
0
0
0
0
0
790086934
0
0
0
0
0
0
0
0
0
0
0
379430462
0
0
0
0
0
240722112
0
0
0
0
971493070
0
0
0
0
40930135
0
0
0
0
366220188
0
0
0
653746289
0
0
0
72263675
0
265416205
0
0
0
441911628
0
783965761
104833971
0
52574281
588177358
0
0
888847309
0
0
0
0
0
0
308404300
0
0
0
0
468309832
0
282018299
0
0
0
0
0
0
0
0
0
0
0
241192729
313115632
0
0
6407810
0
0
0
0
0
0
0
672838198
0
696491150
0
984997221
205486604
0
914627334
0
0
0
0
0
693156831
0
624414627
189930108
0
0
0
0
0
748037969
0
0
0
0
0
475885225
22037628
0
0
0
113127930
0
483983176
0
0
15959109
0
0
0
264689122
0
0
0
0
295241444
0
0
909487287
0
0
0
0
426743644
0
0
541565966
0
751654886
0
0
0
783555997
0
0
504355228
0
0
0
0
893875449
0
0
0
0
0
0
0
0
0
0
0
39245032
0
743379490
0
0
0
154476297
0
0
0
0
0
0
0
0
416211141
0
0
444238223
0
274642310
0
0
0
0
111171545
0
0
636220598
0
806104291
0
0
585285280
0
618726909
0
0
748247267
0
0
0
0
452631571
0
0
0
0
0
0
0
0
0
532617847
0
0
0
0
0
0
0
0
0
0
361721263
0
0
0
0
0
0
0
0
493248800
0
0
820698927
0
243371581
0
0
0
257296184
0
0
794781478
0
0
0
0
765440180
0
0
0
0
0
0
0
0
307060619
0
0
0
0
0
161518710
0
0
0
0
79185071
0
785961121
0
0
0
0
34048246
0
0
0
356741773
0
0
0
687908927
0
0
0
0
0
0
0
0
200866491
0
752137003
0
655917142
0
0
0
547597277
0
0
824352688
0
442817746
0
826600720
0
0
0
0
0
0
808118808
0
0
0
0
9890878
0
0
0
0
0
0
945639125
0
0
255385841
142019797
0
0
688057281
0
0
0
310217354
0
757676507
0
0
0
0
0
0
0
360429778
0
769234906
0
265675864
0
956752318
0
0
0
0
833231938
893831615
0
0
0
0
0
0
0
0
0
0
0
0
0
0
0
0
0
315108913
0
541238309
0
640115858
0
0
0
0
0
0
0
0
0
0
0
544612215
0
0
0
156731773
366971721
0
0
0
0
315301615
608762920
0
0
0
0
0
0
0
0
0
0
0
0
0
0
0
0
0
839783211
0
0
0
10141087
9868608
0
542052543
0
0
0
0
0
179273224
832894349
0
0
0
539921252
0
0
908954
0
0
418219589
0
0
0
0
0
0
0
0
709623128
0
0
0
0
0
0
0
0
0
362514889
0
0
0
0
0
0
457808562
0
0
0
0
0
0
994083458
0
0
384903407
0
0
0
0
145296173
4786520
0
0
0
0
885787944
0
0
0
0
0
0
0
0
0
0
369909492
0
0
0
743157737
0
0
185328581
0
0
0
0
0
0
0
0
0
0
407096707
0
0
303276044
314073585
0
0
0
0
335186071
0
0
531332922
238869819
0
0
0
0
0
815788583
0
0
0
0
607009009
0
0
0
689971751
0
0
0
0
0
0
352591967
0
0
0
0
685000461
0
629568624
0
0
748175125
0
166820226
0
275360879
0
0
0
0
0
0
0
0
0
0
35594002
0
0
30939049
0
0
535288400
0
0
0
652619592
734015740
0
0
0
0
0
0
0
268208339
0
0
352224845
0
0
0
0
947290988
0
0
0
0
635410777
0
314476887
0
0
0
0
279629288
0
202949802
0
0
0
0
0
568762305
0
0
0
0
0
715830226
0
0
0
0
0
0
394889785
0
0
0
0
0
0
0
0
127545083
0
0
0
0
550813377
0
0
41362927
382456839
0
947678654
0
0
584178611
0
0
0
414202769
0
0
718233172
0
0
921702893
0
368976855
0
0
0
0
0
0
0
0
0
816844207
0
99274878
0
331973165
0
9713126
50746985
0
0
805335834
0
0
0
0
0
0
0
0
0
0
0
597401725
0
0
0
0
0
0
0
0
0
0
414349748
0
94090498
0
0
0
0
260756647
0
0
0
371708657
0
0
969820318
0
0
0
0
0
0
278483597
0
0
0
0
539924867
0
0
533533662
0
857725916
0
0
0
0
37827807
466165883
0
0
0
0
0
0
30191892
0
0
0
0
746754673
0
345338403
0
893703152
412153489
0
0
0
0
0
0
762551899
0
0
0
0
0
0
0
185311824
0
0
0
0
858733770
0
506082328
0
131240599
0
0
192149227
0
0
0
0
0
0
0
0
720968779
0
0
107772218
293062726
0
826078148
0
0
0
0
0
126772588
0
765929389
0
0
0
582602656
0
109152226
5258699
0
0
926813044
0
0
0
0
0
0
488491706
0
695915495
0
882409755
0
0
0
806852285
0
0
0
404583771
0
761048734
0
0
433842699
0
853316688
0
0
338389290
746683253
0
0
0
187496186
0
0
0
0
0
879252172
0
0
0
0
0
0
7333776
0
0
0
0
0
0
0
701999346
0
989774007
0
0
837370347
0
133607125
0
0
417425819
0
0
372661548
0
0
0
653312030
0
0
0
63002745
0
0
952199631
0
0
796926205
437880785
0
0
476534552
533350005
0
319792229
0
65293233
0
0
0
0
0
706622444
0
91740443
0
0
572932598
0
0
925174595
0
0
0
0
0
654207822
0
753796961
0
0
0
0
0
478003735
199173757
0
0
0
0
0
44380815
0
0
622801066
0
0
749116380
0
0
0
0
0
213025094
738734562
0
0
567173634
0
0
0
0
0
0
920826702
0
0
105442380
0
0
0
0
0
0
579250493
0
0
0
0
0
0
0
0
386220938
0
0
0
0
997157663
0
0
649768814
0
0
0
917930800
0
0
308611674
0
0
217592400
0
308758870
0
113300658
0
0
115808707
0
0
888839209
0
0
0
683517555
0
0
0
0
614219197
0
0
0
0
491008121
0
0
0
0
341493370
0
0
835189883
0
0
0
372670443
0
0
6432931
0
0
0
742284610
0
0
829738946
542659822
0
0
0
0
787451737
0
0
0
656654019
0
0
50230843
0
0
254935371
0
445113772
699465078
0
211376694
0
0
161141923
0
0
792643272
0
0
0
0
0
0
0
953417029
114622398
0
0
138718071
0
0
25370543
0
515022973
0
0
222413575
0
289764691
0
557450437
0
0
0
484133663
0
0
665514669
71795457
0
0
187785843
0
0
0
227196040
0
0
224682691
0
232751890
0
583502645
0
0
0
0
0
39147508
0
0
149595520
0
0
481593818
0
0
0
0
479063282
0
0
0
0
0
0
0
134620800
0
0
0
0
159211505
0
0
0
676794588
337183133
0
0
0
0
0
0
0
513587852
0
0
930517154
0
0
0
532156116
0
484717166
512858458
0
0
927555799
0
0
0
0
0
0
0
0
0
0
0
0
0
0
644339949
0
0
0
0
712409150
0
0
0
0
0
278007713
0
0
0
0
0
625545869
0
0
0
0
0
0
0
0
0
0
0
0
0
0
0
0
0
0
605359819
0
0
395177050
0
0
0
728675281
0
0
648674651
0
0
0
377508856
0
0
603049420
0
0
7194694
0
0
61278818
0
0
580951293
0
0
914126968
0
0
202197988
0
0
0
0
38494390
0
0
0
0
714784693
354387711
0
0
0
0
580666003
0
0
0
0
858992694
0
0
166824473
0
0
0
0
0
648783632
0
886103942
908594387
0
0
150245433
0
0
0
520728884
0
0
516021196
0
0
0
0
0
979098478
0
0
532014696
0
0
722467865
0
701335014
0
0
0
0
938132132
0
342622605
0
0
0
0
0
0
0
0
184613244
0
595251912
0
0
0
556696839
0
853114963
0
933806006
0
731445666
0
0
0
57974319
0
0
0
454402721
0
0
372308579
0
0
157585398
0
160926125
0
0
0
0
0
0
0
0
0
0
0
0
0
565788190
0
322332952
0
0
0
0
0
866104476
0
995115474
0
0
0
997005569
0
532224683
0
0
0
0
832546
0
0
292970335
0
0
0
476711196
38069355
0
757741648
0
0
0
0
420228818
0
35117124
0
0
0
0
0
0
0
0
0
0
160118711
0
892216055
0
817591500
0
0
277172864
0
0
127977057
0
975399620
0
0
0
0
0
0
664916405
0
521145588
0
0
802155035
0
929104855
756598334
0
0
0
0
0
764984625
0
0
0
0
0
0
668488570
0
424912239
0
0
0
0
0
0
132823488
0
351151240
0
990489
0
0
0
473168766
0
0
206133585
0
0
0
0
0
0
0
0
0
0
262401594
0
749937228
0
289599187
0
0
0
368729637
276230921
0
0
0
0
238975453
0
0
321781409
0
0
0
0
0
0
672968720
0
0
498588211
887960080
0
0
0
602603787
0
0
0
0
0
0
0
0
0
0
0
0
726375792
0
0
149880575
745314984
0
0
0
984475642
0
0
452364066
0
0
0
0
801147350
0
338144834
437010361
0
0
333452384
0
0
180507087
0
0
0
0
0
326761507
0
224309893
0
0
0
320848438
0
0
0
719126693
146197683
0
0
0
0
0
683851993
0
313143377
0
0
0
41860373
0
0
0
0
0
627131576
0
0
0
0
0
0
57933633
0
0
0
0
0
0
0
391692411
0
0
751137227
0
0
0
571445739
0
704269354
0
0
0
836848559
54655701
0
0
353287797
0
0
0
0
0
703188621
0
0
0
578833276
0
0
830680671
0
0
0
0
0
0
372373568
296211546
0
647197766
505677534
0
0
0
0
0
687553700
0
0
0
919443582
0
0
787118267
0
0
0
0
51194283
0
82508313
0
821959838
0
0
0
0
254275385
0
0
0
0
0
0
0
0
0
135293338
0
0
398061363
0
971462059
0
221432153
869418021
0
0
711741612
0
0
0
0
537168742
0
0
0
0
0
441663233
0
0
0
0
0
0
56758382
620268167
0
0
0
0
595654976
0
0
0
585873803
0
167175148
0
0
596845010
0
850394054
0
162991825
419489268
0
0
0
188296494
0
0
0
0
862077235
0
0
0
0
0
0
0
142876023
84725560
0
0
0
0
139489945
0
0
0
964055292
0
0
0
0
644295247
0
0
578679358
0
0
0
219583699
565671118
0
0
590572685
577990778
0
0
0
152219806
659448251
0
0
0
0
0
762474196
512315621
0
741053188
0
0
531910381
0
0
0
62665898
0
0
0
0
0
0
358187857
0
0
374740992
0
0
572152756
0
0
501550633
0
0
0
0
0
0
0
0
0
981926388
0
959611691
0
792224156
0
636862853
0
770254152
341866287
0
0
0
0
0
0
0
703098434
0
0
0
741565103
484479284
0
0
0
0
0
0
970770372
0
996187452
0
794152124
0
304727861
0
0
0
0
301777893
0
0
215909027
0
0
0
493162857
0
0
0
891497327
826870783
0
0
0
28825149
0
0
0
0
0
291060218
0
947727873
0
0
682771558
0
0
1287413
0
778267501
0
0
0
0
0
0
0
0
0
0
0
0
0
0
0
0
0
0
0
0
0
750759442
0
0
0
0
0
0
0
0
374446628
0
0
0
0
0
0
5960144
573477477
877384930
0
0
0
0
0
0
0
493326469
31816749
0
0
754376800
368293562
0
0
430582090
682749418
0
0
0
0
456583310
0
0
0
0
441284735
0
618178895
45455398
0
0
0
317210228
0
0
0
803827567
0
198205356
0
0
0
644394263
0
15944395
0
435492815
380778762
0
0
0
0
0
0
0
769067035
0
539020835
0
942604535
0
434206609
0
0
770717292
0
0
0
95770646
77090913
0
0
0
0
0
0
918986812
458841908
0
0
0
994146799
0
167120475
215346236
0
0
756492021
0
0
0
0
0
0
0
0
549503856
0
476557984
598942418
0
0
0
0
0
63021985
0
0
0
0
296703292
0
0
730360283
0
235956966
0
0
0
0
0
0
0
525620259
0
0
540562615
0
0
0
0
0
0
0
229135087
640910375
0
0
623009860
0
915571127
310372650
0
0
387939843
0
904145131
0
0
0
0
0
328604834
0
0
673431004
0
0
0
0
0
0
0
0
0
133918936
0
271735996
0
0
0
830232099
0
0
201301780
0
0
0
844795647
0
0
0
0
547682078
0
0
0
0
0
0
119844520
0
0
0
806579503
0
0
0
0
0
0
227112909
0
0
0
0
0
385833190
0
0
352817139
523042029
0
0
0
0
0
0
0
0
809431385
0
0
0
0
33798303
0
0
0
0
0
0
508103011
0
0
0
0
797665430
0
114393712
0
655101320
0
0
0
0
0
0
0
611113724
112558429
0
0
0
0
731960557
0
0
0
0
0
0
834815923
0
0
795701123
0
674255036
0
427920785
0
0
155807510
0
0
0
0
0
0
260099096
0
591147821
0
687054388
0
652664634
0
0
154585546
0
0
0
0
0
0
0
0
0
0
0
0
0
884234577
0
701957462
883651108
0
0
0
0
0
266190036
0
947022200
71340095
0
0
76700984
0
760639318
0
181284198
0
0
0
768553472
0
687051752
0
779911726
0
0
458753280
550860141
0
0
868274598
0
982624516
0
588301192
0
152016025
0
0
0
500250997
0
0
0
0
0
0
212241974
0
0
69441114
0
0
798482255
0
0
0
0
0
0
0
0
786926386
0
654627886
376170637
520070705
0
968688539
0
0
0
0
0
658712645
779113646
0
425998055
0
0
0
0
0
0
0
0
0
65185095
0
0
0
207801506
0
4298748
0
697016318
0
0
603188481
0
0
0
261653218
0
0
0
0
931054047
0
0
0
0
0
974261795
0
0
0
394854824
658481043
0
999436572
0
0
510822939
0
0
0
0
0
0
592113233
0
0
0
0
211879585
0
987867231
0
946602663
0
0
0
374127285
0
0
0
0
0
0
0
364247037
0
0
917490864
0
0
0
0
0
0
0
0
0
0
0
580729694
0
851783939
0
650600220
0
0
393874850
0
0
0
0
0
0
0
0
363472646
0
0
0
0
0
0
0
447942680
0
565668499
0
0
9510144
0
0
0
0
0
0
0
0
0
0
0
0
0
0
99166884
0
620158348
0
438599949
0
897804702
0
0
0
685665127
0
0
0
626539343
0
551976287
0
0
0
0
0
0
11801061
0
0
0
310023266
0
560129610
0
0
0
0
112523412
0
978708121
0
0
0
0
0
71576225
0
0
0
0
0
0
0
0
0
0
512427168
0
0
550003902
0
0
761327627
0
0
710999526
660160698
0
0
0
0
0
957926947
0
365813456
611088511
0
0
911305272
0
0
0
0
0
59901108
0
647992271
393577788
0
260962653
90905473
0
0
0
0
0
103126865
0
384036032
359195859
0
0
0
0
0
0
129283990
0
0
0
0
0
311552712
0
171060683
890556903
0
851965829
0
0
0
0
0
0
0
0
0
761706106
0
497433952
0
0
24762392
0
381501210
0
709317209
0
165589201
0
0
0
0
0
408043150
0
0
0
0
0
142209763
0
0
0
0
322587215
0
0
0
0
0
0
984652660
532335570
0
0
0
509794767
0
0
0
476330743
0
0
385981356
0
0
0
310885696
0
204743670
0
242701718
0
0
0
1002268
0
0
184923408
0
0
550102971
0
0
0
0
0
0
0
0
0
0
13530682
0
0
479703270
0
0
235688248
0
574797952
0
0
0
420192724
0
0
0
0
0
0
0
627981614
0
0
446754523
0
0
274594260
0
243763206
0
0
0
168989050
0
402333651
0
0
0
0
502140353
854711487
0
0
0
0
0
0
0
0
895549497
0
0
510729922
348517170
0
0
0
0
0
0
284509186
0
0
0
0
345236913
0
0
0
0
0
0
0
0
0
946442504
0
880767485
0
448436127
0
452686127
0
0
0
0
0
784571057
0
0
0
0
734570512
0
0
411878828
0
0
761528919
0
0
0
0
0
0
699346790
0
0
0
0
0
188559055
0
0
172544409
0
0
0
0
0
0
0
0
0
0
440382336
0
253387809
0
0
0
0
567752720
0
0
0
0
0
488845067
0
0
0
0
709310634
0
0
0
327596166
0
0
0
0
0
0
0
0
0
0
720699866
90043691
0
0
0
0
0
182563679
69507781
0
0
0
0
331682166
0
63874966
0
0
948996106
0
0
362607375
0
0
106766237
0
764695860
0
0
483029713
0
563868289
0
0
662054728
0
0
537494879
0
0
915151056
393666487
0
0
0
0
0
0
0
0
915061646
0
0
0
0
0
0
0
817402591
0
0
0
0
355261553
0
0
0
0
0
0
0
0
0
0
328089312
0
0
0
465670624
695806708
624172002
0
0
0
159298024
0
0
338356495
0
0
0
252589155
0
0
0
0
859242042
0
0
0
0
961914245
0
0
333441699
0
471223357
0
0
0
0
0
0
44732228
0
0
0
0
0
0
525059362
574292954
0
961701121
0
0
0
0
0
869893938
814457085
0
557331721
0
0
0
0
0
0
0
0
585611358
0
34855762
0
628818938
0
0
0
0
0
385671254
0
883735869
118950329
0
0
464690755
0
0
0
0
271627083
0
575572647
0
4869850
0
105199307
471164350
0
486004041
0
0
0
0
0
0
721489661
0
0
0
0
34715437
0
0
0
0
0
0
0
802046508
0
0
0
0
0
0
0
0
0
0
0
0
270247177
0
791743367
0
0
0
0
0
0
151068067
0
636287801
0
0
0
960532308
0
0
0
143784664
674977408
0
0
0
0
510721068
0
0
0
0
0
442107477
0
0
0
417592496
796021219
0
0
0
0
0
0
0
0
0
0
0
0
0
0
0
0
0
0
0
0
0
0
0
0
0
0
0
109886362
0
0
0
0
0
0
0
360660482
0
0
0
610821027
0
0
790213502
0
0
0
42509817
0
0
0
0
752576507
0
0
0
0
724659130
0
0
0
401217259
0
298981220
0
0
672115452
0
0
0
0
0
0
0
121319794
34562508
0
802620683
294354942
0
594752840
0
0
0
0
0
101736085
774880327
0
0
0
521831245
0
896344080
0
0
0
0
0
304889369
0
0
0
0
31002998
0
0
161444870
0
0
574371093
0
0
0
642827153
0
0
857028138
0
208926753
0
0
787720682
60154028
0
0
642145928
553831603
0
0
0
0
0
305156335
0
0
245935990
0
414988019
0
141994573
0
240947142
0
0
666612628
742527174
0
0
0
0
286402997
0
0
0
752570803
0
0
856341359
0
717032353
451391420
0
0
0
0
0
579342514
0
155541013
0
0
0
0
0
0
0
0
681104415
0
0
57037106
0
537188522
0
628667490
0
0
0
405179460
0
0
0
679482455
0
0
0
0
0
0
0
0
48364535
0
0
0
0
0
0
0
736396881
0
0
214706798
0
167002300
0
0
0
0
342971188
0
0
0
0
467405042
0
544021470
0
0
936484451
0
0
0
0
0
0
0
0
0
0
0
238805516
0
0
0
0
0
435090211
0
456542457
0
0
0
0
0
0
878082455
0
0
0
0
0
550523952
0
498971874
0
247221982
0
961110604
0
0
770783410
0
113266436
0
0
0
918724854
0
0
0
0
0
0
618341470
0
242468833
0
547283587
0
150387024
0
0
0
0
0
913714653
0
644756633
711037166
0
0
0
0
0
0
0
0
0
0
626737534
0
0
0
928824490
0
0
0
400142060
0
0
0
0
489710621
0
0
0
0
849621105
0
0
316700882
0
0
0
425900632
0
0
0
0
0
0
0
965757805
431167713
0
0
258522037
0
0
0
0
0
490091138
0
0
0
683593043
0
0
0
586603178
0
0
0
0
0
799719068
549026007
0
0
0
0
0
0
0
0
551440519
0
0
0
0
0
0
0
156343093
0
0
345574
0
0
0
735668557
0
0
0
0
0
0
0
0
0
0
0
0
0
320440373
0
432290068
0
0
0
0
775268587
0
0
320558807
575539966
0
0
0
0
592428794
0
0
676421498
0
0
720941915
0
166720432
0
0
0
0
0
0
0
0
208536855
0
0
0
0
0
0
0
383766056
0
522117024
0
0
0
0
0
0
0
0
0
0
848391219
0
0
0
70689990
0
0
972056110
0
855558481
0
0
0
0
634399969
0
0
0
0
0
68179551
0
419406528
0
0
0
0
0
0
0
0
0
0
0
674084484
0
0
0
0
0
0
0
0
665360852
0
0
437474466
287899085
0
0
83333925
0
0
0
0
904750820
0
0
0
0
0
0
551577753
0
857208175
0
0
0
0
0
0
700793674
0
0
310471865
515850167
0
0
99948625
0
0
0
0
469897640
0
980252667
0
0
0
83740866
0
617903266
0
0
0
224304807
0
0
0
770444521
406195839
0
0
0
0
769970330
0
0
910182080
0
0
0
0
0
0
0
44835364
0
0
0
362276834
0
0
821461457
0
0
0
0
0
915932037
0
990471057
487853858
0
852215237
602046482
0
0
0
0
204607077
0
0
749988000
0
0
0
0
0
0
0
0
0
406910566
0
111646008
0
0
0
0
0
0
0
580223887
0
33074299
0
0
430894354
0
0
11151369
0
0
0
0
756883061
0
602140296
0
0
0
0
0
0
155769653
0
249895454
459636838
0
0
563390855
0
0
0
0
0
0
0
0
0
707248725
0
565550288
0
541346341
0
883027096
661161484
0
0
0
0
0
627890031
0
0
0
313630366
0
77838529
0
0
696918460
0
0
445830981
0
0
0
0
254743360
0
0
369406584
0
0
0
371576610
0
900564087
0
419674311
0
0
0
0
0
845837040
0
0
0
0
261894935
0
267452789
732184969
0
751249341
0
0
0
0
0
967019817
578297221
0
824538194
0
0
0
0
0
0
0
921283134
0
0
310512461
0
0
730758083
0
0
0
0
0
0
313264530
0
0
0
0
0
326017825
0
0
0
339977105
0
0
367338611
0
933460450
0
0
919737588
0
813180430
0
0
0
0
0
0
0
0
0
0
705147715
0
0
0
859837361
0
0
0
450565726
415327869
0
0
0
0
0
978579447
0
0
0
0
0
327013777
0
0
453933224
192317086
0
371827374
0
0
343223523
0
0
0
0
0
0
0
922199952
0
0
754146675
0
0
0
404578840
0
119500845
0
509491965
0
965381705
0
0
0
0
0
78849017
0
930074670
0
0
0
0
0
162782465
0
0
0
0
0
926091153
0
0
0
0
0
730928667
0
50367204
494845920
0
0
0
600625686
327748270
0
39074569
0
113024127
0
0
0
0
0
857351133
0
0
0
0
95508059
0
0
0
0
0
622478056
0
0
0
745234074
0
0
0
855436421
0
0
7228897
0
0
0
0
0
0
0
838656325
0
411137122
0
93727462
0
0
0
22571889
0
999302822
0
0
0
0
0
0
0
0
90892506
0
640700759
0
0
0
766817088
0
0
0
390407935
0
0
0
619730737
0
0
0
0
240684938
0
0
0
0
0
784379287
0
0
0
0
0
0
0
0
261127772
113942028
0
818619274
0
0
0
0
0
0
0
232390093
0
628354270
628363155
0
277040857
0
0
0
0
0
0
0
694241067
0
0
0
740655626
0
305097960
0
0
964301230
0
0
716692009
0
0
139341596
0
0
0
0
0
0
0
356274446
0
0
287923824
634119175
0
0
0
737399958
0
0
451975723
0
0
0
0
0
0
0
310537924
0
0
0
0
0
0
0
928611008
0
0
0
640686429
0
0
238751101
0
0
0
747793402
0
0
0
0
0
0
0
408126008
0
0
479829488
0
166037431
0
0
0
0
17425352
0
145419389
0
819369207
0
900343543
0
243543538
945299798
0
0
359762441
0
0
845305497
0
0
0
0
641696278
0
61720977
0
0
0
737288275
0
0
0
0
473410003
0
0
168676093
0
0
497416751
0
0
415304607
0
243844518
73682637
0
0
990135329
0
0
0
0
0
0
0
0
0
0
0
844294192
870320572
0
0
0
0
632561807
0
0
0
588645649
0
0
542397257
0
310747527
0
0
0
250639528
0
498160791
0
27203155
0
0
947894839
0
0
0
0
84602142
0
0
1634821
0
0
0
0
856515727
0
339793477
0
0
0
0
0
0
0
54777379
0
508469568
0
0
0
199811642
0
33037915
0
767382511
0
0
0
886272782
0
0
0
0
0
0
0
0
0
0
0
0
0
0
819714917
0
73169347
0
0
848091101
0
0
0
0
0
0
186999
0
0
0
0
0
64946873
0
0
391617204
0
0
0
0
355616202
0
0
0
0
316560001
0
0
831244678
0
941933530
0
374209421
0
0
0
0
260158939
0
0
0
0
0
0
0
439806164
0
0
0
361130002
0
866429847
113609831
0
0
0
901738757
0
762801937
0
0
0
0
0
0
678607362
0
340476981
0
0
0
490843502
0
0
0
341601300
0
0
200604393
0
0
0
0
0
904642533
0
0
0
0
0
0
256363488
0
429406326
0
0
0
0
585559773
0
0
954417396
0
0
0
593890371
0
0
55015111
0
556864117
0
598816826
0
435776595
0
0
0
0
675081781
0
0
0
0
191918300
0
0
0
0
654272868
0
0
0
126994549
0
0
518940735
587812681
0
0
0
0
698687763
0
712395185
0
227516428
0
0
0
0
0
289804857
0
0
0
0
0
783107516
0
0
747202589
0
252849713
0
237924448
0
0
0
0
119636669
0
0
89877614
0
0
0
0
0
0
966225329
0
320516242
0
0
0
0
823691067
0
0
0
0
701920548
0
648578272
0
0
0
110278188
0
0
551784033
0
0
0
0
0
0
601754568
0
0
0
0
0
0
0
0
377672065
565109040
0
0
729088380
0
0
715989804
0
242709931
154192132
692308940
0
0
114967283
0
0
0
0
0
0
0
0
0
0
0
385904469
502233721
0
137589155
0
0
323762985
852673389
0
689896757
0
0
0
479901659
0
599690124
0
0
0
0
235128614
0
0
0
0
880148429
0
162138914
0
0
0
0
0
444915367
0
98405568
0
0
0
982996830
0
0
0
0
248820439
0
0
19664966
0
0
514892669
0
0
599035314
0
0
0
0
0
0
0
0
0
491324213
0
402497702
0
269910679
0
0
0
0
0
0
320105570
0
0
95326860
18834603
0
710732313
970108292
0
691043026
0
0
860043649
0
0
549422489
784517268
0
0
678056204
0
0
0
201564020
0
0
0
0
0
0
1244205
0
0
349399855
0
0
0
0
0
22178330
0
0
0
0
0
0
96224733
746440581
0
0
0
0
693600987
331055136
0
44412858
0
0
0
0
0
0
0
0
0
491298443
0
0
228812118
0
0
0
0
486750959
0
510815323
0
935803632
0
0
0
517919663
0
0
0
0
625957833
0
0
425152975
0
0
383912400
0
0
0
0
0
0
0
0
0
0
0
0
618242479
749196732
0
0
0
287462851
0
0
0
0
0
0
0
0
0
741372821
0
0
0
209136017
0
0
341245947
0
0
0
0
70574684
0
0
0
0
0
0
0
0
475073495
0
0
0
0
0
221222413
0
74366609
0
0
0
0
0
0
0
0
0
237555108
0
0
0
0
0
0
190099853
0
0
0
364211868
0
0
0
0
0
0
206191026
0
0
0
0
641233469
0
0
6185798
0
0
0
0
678178289
0
0
0
521980668
712947940
415256128
0
0
0
0
0
737964328
0
895674922
0
0
734960365
0
0
0
0
0
0
0
0
102685664
0
0
0
0
321032384
0
0
0
0
382792541
0
622345895
0
0
0
0
19253201
0
0
104213401
0
860725538
0
0
0
0
0
0
342582387
0
273816038
0
0
0
0
0
0
0
0
0
91676510
0
0
197174949
0
0
0
0
0
0
0
0
0
0
0
0
185288015
0
0
0
0
0
241334214
0
0
0
0
97085369
0
228042862
524976615
0
783527850
0
0
0
0
0
643155404
0
368072300
0
0
0
0
0
0
0
0
0
134634161
0
879146089
0
0
623437809
0
719669593
0
944873386
0
0
0
0
0
0
0
0
0
0
0
0
675679686
0
0
840201363
0
0
625688506
0
161437495
890389605
0
0
0
0
0
0
602231104
0
0
0
0
0
0
120518664
716972869
0
0
0
0
0
885594297
0
0
0
326302136
0
765160319
0
0
0
162560554
0
0
987758223
0
0
220896872
0
0
0
0
0
0
103598550
0
0
0
710339891
0
0
437916234
0
656617440
0
0
969936041
0
0
0
0
0
0
641987121
0
10976971
0
102456189
0
0
0
900523391
371845573
0
0
0
0
0
711821219
602800090
0
986188346
0
469622557
0
603010119
0
0
0
946057374
0
0
0
0
276351970
0
0
0
0
0
985765745
0
0
0
676551762
123260366
0
0
0
250891283
0
557743390
0
0
315737251
493057675
0
0
333827653
0
0
0
336899159
0
177964585
0
0
95183846
0
0
0
574639345
0
0
0
0
0
652783214
830104031
0
0
0
0
0
420070491
0
0
0
0
0
644803960
0
0
12209157
0
0
0
567484185
0
0
0
0
0
0
0
0
684158512
0
0
693971388
0
22687139
0
0
35664094
0
0
0
0
0
0
0
382178096
0
0
0
0
0
0
0
0
0
0
21516685
0
241731373
0
0
0
732866826
0
0
0
462819039
0
801934270
0
0
955117389
0
933083798
0
0
0
0
0
0
0
0
520081149
0
0
0
0
983100971
0
158018790
0
0
0
685489307
0
97002367
0
0
0
487399244
0
0
0
0
0
194837260
0
78887685
0
633755708
0
0
0
0
0
0
0
0
0
0
0
0
0
0
0
0
501573129
526362124
0
498155682
0
0
771942446
947326842
0
0
0
770529965
0
0
86981454
0
618222603
0
0
0
0
202635917
484224045
0
0
0
0
0
0
0
0
621429544
0
0
975450176
0
0
0
782999062
0
0
287617125
0
0
0
0
0
44345563
0
0
0
73059883
585564471
0
0
0
0
0
388750595
0
0
0
0
0
0
0
498642562
0
0
0
490894624
0
0
0
0
0
0
0
395129243
404183882
0
0
0
0
0
0
79520368
391239243
0
110821644
0
964867426
0
710445071
0
362746214
0
0
0
0
0
39370885
152103280
0
399910731
0
0
772667966
0
282438739
0
665926713
0
0
0
765903349
0
987066697
238046543
0
0
0
0
0
0
848401613
0
0
736151657
0
0
0
0
799876018
0
21633282
367244036
0
647476451
0
0
800377978
0
0
228862582
691264791
0
0
0
0
776071905
0
0
725215790
442200589
0
0
0
0
0
0
0
0
184137676
0
0
0
0
0
0
221384529
0
0
0
100967814
0
0
0
0
0
0
0
0
0
0
0
0
0
0
234802238
0
0
0
0
988262026
0
463996663
0
226983612
0
0
4874091
0
0
177651385
783256040
0
400038585
0
249709175
0
0
662268594
0
0
0
0
0
0
0
595173131
0
482072568
0
0
0
0
0
0
0
0
589370768
0
0
492099311
0
670541072
0
0
0
0
0
289090913
0
122127824
0
0
399164576
0
395977843
0
0
0
0
0
0
0
884406209
0
0
0
219527162
0
0
0
659382546
0
674067749
0
0
0
363054228
0
0
0
0
0
0
0
0
100753902
0
0
30021535
0
0
0
624678161
0
0
839762014
0
125481353
0
0
0
0
0
0
0
0
0
0
0
329015914
488575707
0
0
0
0
827681905
0
257975519
0
0
348714030
0
0
0
926477470
0
0
831931399
405541587
0
270990808
0
0
0
148281654
0
407067792
64627014
0
566783735
0
0
0
0
0
210681989
0
946525833
0
0
70238721
0
0
265324641
888707165
0
0
712205510
0
326673177
0
0
0
0
340537955
0
650524404
948704762
0
0
0
965643899
0
0
0
0
14707062
0
426211558
0
0
591938868
434383382
0
574507939
0
0
933272415
0
0
900201681
0
405562972
0
0
0
0
0
0
0
0
0
0
0
0
0
0
129581019
0
0
0
0
0
0
0
0
0
0
0
0
0
469867399
0
0
168190261
0
0
0
0
0
0
0
0
0
522704261
0
0
0
0
0
503864510
0
0
266465542
0
0
236736930
0
0
82647813
0
0
0
0
0
0
847032255
0
0
333965654
0
0
352698628
543745848
0
0
0
0
406395130
0
0
772946899
0
0
0
0
0
0
0
0
0
0
0
0
0
291967561
76201311
0
0
309879385
0
0
0
863835224
0
0
0
0
0
0
414418748
0
0
0
0
0
0
0
0
0
0
535181354
0
0
0
584717724
0
0
0
0
0
0
0
0
0
138438103
0
0
0
285726331
0
99937712
0
0
0
0
0
0
0
0
0
0
528976941
0
0
0
0
0
0
0
0
0
0
0
0
0
0
0
944718606
0
598971773
0
0
0
0
0
0
0
515767930
0
776292161
0
691983267
0
0
0
390156559
0
0
183676866
0
0
0
511623178
0
0
105414173
628344642
0
0
631735586
0
226625362
0
0
516105701
0
0
717748704
0
0
534757307
0
0
0
0
0
0
331462564
0
0
0
720017173
0
916178655
0
0
0
0
0
0
478026520
0
861592772
0
0
676480867
0
0
0
267195477
0
36322935
0
615938470
981683155
0
0
0
174218340
0
0
0
0
69900770
0
0
0
0
0
0
0
0
0
726383262
0
0
0
751437052
0
139981849
0
800348145
0
0
0
0
0
0
318631385
0
0
0
483145169
0
0
410913149
0
0
587418461
570377625
0
0
0
406080771
0
0
0
0
0
0
0
0
0
0
910621503
0
0
0
0
0
443109404
0
0
497052726
0
0
228415588
601786106
0
0
0
0
250376815
0
0
0
633365394
0
452635379
0
356344006
0
0
0
454753917
0
0
0
0
0
0
0
0
0
0
0
0
554998477
581235745
0
0
0
0
0
0
0
0
0
0
812803284
0
696940148
0
0
395555340
543343325
0
0
0
0
564983254
0
290551340
0
908964005
53323418
541395864
0
275283447
0
0
0
0
0
342026358
0
0
0
0
0
432862276
0
0
0
438400589
0
298227942
0
0
0
0
0
353639286
0
0
0
734730317
0
0
0
0
0
0
56085173
0
730542953
0
0
46824082
0
0
753912450
0
0
0
945438977
0
0
135079688
0
0
0
0
0
664049194
0
70820495
0
0
0
2664663
0
703869127
0
0
0
0
213480538
0
0
46544725
0
777117431
0
498641419
0
811475023
0
0
0
0
0
0
0
0
846979554
0
176264914
0
0
0
0
0
712841491
0
0
0
595358681
0
0
920648406
0
0
0
0
18796617
0
0
0
0
0
0
49898297
0
0
769312258
0
719851377
0
0
775788227
0
0
230776546
0
866618342
0
0
0
0
0
0
0
686987539
0
645870925
0
402117348
0
0
806286074
0
305923265
0
0
7640355
0
0
0
415366827
0
0
141614975
0
0
0
0
0
0
0
0
257009772
0
610191834
0
0
0
0
0
0
520238854
0
0
0
0
0
0
0
0
0
0
595466621
0
0
0
27882779
0
389970551
0
0
0
0
0
246665179
0
0
0
940960837
0
0
0
0
0
0
99439411
0
0
0
895030848
0
0
0
422467285
0
126816071
0
0
0
0
0
918325612
0
660118966
0
372359256
498185723
0
0
980529509
0
0
0
0
0
0
0
0
103905357
0
0
271535653
0
0
0
15802560
0
319887530
0
0
0
0
701428270
0
0
218130058
0
0
0
0
0
0
0
54438371
0
591913645
0
0
0
0
667668930
0
0
0
64724112
0
0
0
0
0
640472278
0
0
716248947
0
0
0
0
0
0
0
0
0
0
0
0
0
0
0
0
0
0
0
0
0
0
71105271
0
0
0
0
291541482
0
0
176501724
0
0
0
0
0
0
0
0
360589217
0
0
169224344
0
0
0
579182931
0
0
0
0
203647379
0
176658600
0
199786799
0
231729245
0
0
0
0
603421053
385291142
181991324
0
0
0
951314322
0
0
59200719
0
732822676
0
0
0
0
682339975
0
322235297
0
0
0
0
0
808410492
0
0
0
0
73091196
0
0
987454735
0
0
0
796710468
483850950
0
0
0
510423702
0
436309946
0
801291228
0
749842548
0
0
0
17437247
0
623954107
0
0
0
0
0
0
0
0
0
0
0
0
849205475
0
0
0
0
0
89201130
0
401795435
0
0
0
0
0
667622332
347918066
0
0
477379842
0
0
0
0
933316725
0
831944364
0
0
859107487
0
0
41067840
0
0
853269926
504321334
0
0
688179179
0
895974839
0
0
0
0
0
0
494021977
0
562543356
0
0
0
0
806060510
0
0
222721706
0
0
575372779
0
0
0
0
205478217
0
0
0
0
0
0
449417030
0
0
0
0
0
0
0
0
0
0
0
981021651
0
0
47608267
0
0
0
825407058
0
207825118
0
0
832808805
9089429
0
753386246
0
0
0
0
514672159
0
0
596814881
0
110063589
0
534147152
0
0
170171665
0
0
575547295
0
0
138577676
0
0
433953078
0
0
0
0
0
247275065
0
863068207
0
455488245
0
0
0
220008354
0
0
0
911866994
0
0
0
0
0
0
0
0
0
8108050
0
0
0
0
0
0
0
0
0
0
0
0
377864869
0
0
602638628
0
0
907465191
0
0
0
0
0
979171419
0
0
0
0
0
0
0
0
28875577
0
0
0
453351184
93110223
0
0
784385087
0
0
0
161859642
0
149589325
0
961518635
0
0
0
59093698
114783678
0
232075004
0
0
45723466
0
0
0
168728661
0
163952507
0
0
0
547675435
0
0
0
0
337174279
0
0
652398144
0
0
137119719
0
0
0
395420581
0
68343855
0
0
0
0
0
0
0
0
501117737
0
0
181632581
0
0
0
0
0
0
878142266
0
845357289
0
0
805901463
0
0
0
742398549
0
0
0
0
976717842
0
0
0
0
0
0
650563421
0
0
0
0
0
0
0
0
618656460
0
0
0
0
0
458328873
0
0
0
0
0
0
498595264
0
0
574396139
0
0
0
2971259
0
0
0
0
0
0
0
868883370
0
0
0
0
529810038
224205412
0
601156048
961874837
0
715540079
0
0
839487676
0
0
373393196
0
0
0
39494301
0
264993710
0
0
0
0
705211840
440519400
0
0
718628689
0
0
0
0
487963061
523463431
0
0
477764570
0
0
0
565624780
0
365973109
0
157865827
0
0
0
0
0
0
0
936450623
736662131
0
0
0
97938879
0
0
0
0
519540510
420511312
0
0
0
758679610
0
0
0
166040471
0
823872170
924755405
0
0
189886847
0
0
998669435
0
830452803
0
0
0
0
0
572142802
0
0
913843986
0
0
329098434
0
249784934
0
448664904
0
272500936
0
528592890
0
0
227564617
0
0
406166461
0
787301303
0
0
0
329654111
0
0
0
0
0
0
0
0
0
207271087
54526637
0
0
0
646997986
0
0
81566647
0
0
0
353794079
0
0
0
0
0
0
0
0
764442587
0
821078725
408787115
0
0
0
0
335179351
0
0
0
0
0
0
656618647
869604847
0
0
0
0
0
0
0
0
264179457
0
0
0
0
0
0
0
0
0
0
0
703203585
0
0
0
0
0
0
0
206688121
0
0
0
0
0
420199897
0
115771827
0
849258750
0
0
0
409131253
0
0
568613793
0
199971784
0
0
302442707
0
521246871
0
0
430957208
0
328338149
357976673
0
0
0
969956131
0
0
0
732195635
663466067
0
0
723125897
0
0
0
702373050
0
0
0
0
906899771
0
0
772248095
0
0
0
0
0
933901818
14028072
723221258
0
0
700515654
0
0
0
0
0
0
973989267
0
0
0
0
0
0
0
0
0
0
0
312624643
0
0
834625981
0
0
0
0
0
0
598290988
0
0
188643143
0
0
0
0
0
0
0
652918696
0
713961886
0
0
0
0
0
0
0
0
0
0
0
0
0
0
0
628976695
0
0
0
0
144515392
0
0
0
0
0
658181879
0
932319200
0
844694475
0
0
0
0
0
0
0
167605561
0
7257953
0
0
474633853
0
0
865809257
0
715746943
0
97643122
175576646
0
0
0
0
0
701531523
0
0
0
0
0
0
0
734271073
0
628658470
0
461393255
0
0
0
0
113254430
0
0
0
841854004
0
0
0
0
0
597954002
0
0
0
907793769
0
0
514255557
0
442720718
0
0
0
0
958165540
0
0
415679241
0
0
0
54671810
0
0
0
0
0
0
41129786
0
0
0
0
0
0
0
0
828759629
0
407946621
0
0
0
0
974060814
0
0
760312718
0
0
658110439
0
0
0
0
0
0
0
291573645
0
0
781428984
0
0
28468594
0
0
0
0
0
0
760385318
0
0
0
0
561924643
0
0
0
87471314
0
749403886
474227714
0
0
207989544
0
0
0
0
115504592
0
0
0
0
28971731
0
0
0
0
169763992
0
0
0
211132378
0
0
542542143
0
998126554
0
0
981517874
176327211
0
768585679
0
71899849
0
0
0
0
0
0
0
0
0
796367702
0
913446992
0
0
0
0
577656589
0
0
0
579841588
0
0
0
0
0
450882585
882649076
0
0
0
698781044
0
66787177
0
0
0
800284511
0
0
0
0
0
0
307273994
0
0
0
169585756
708282362
0
626939253
0
296243226
0
566362724
501658549
0
0
154234404
0
235276626
0
0
0
0
0
0
0
469062419
0
0
787995702
0
793483264
0
0
0
144103931
0
0
0
94330404
0
0
0
0
0
0
0
959504278
0
75933308
0
0
291003611
0
0
0
725003838
0
0
0
952508741
227837458
0
0
691579788
0
0
0
0
0
15738243
0
740524907
0
0
559303421
0
0
0
850080013
0
0
0
0
0
700829474
0
0
805675509
0
0
0
0
0
0
0
800064888
0
0
0
0
0
0
0
0
0
0
0
34896214
0
0
0
0
865530654
0
0
0
366886794
185558369
0
0
0
0
0
0
0
4886143
0
0
0
0
862989356
0
327813800
0
0
0
176724599
0
0
0
0
683378825
0
913045372
0
0
0
0
622525442
0
0
0
418584348
0
298963897
0
0
0
858346801
0
0
0
412108469
0
607943867
0
0
0
726100529
0
444933369
0
0
752203296
497215592
0
50527722
0
0
0
0
0
0
0
0
0
0
0
835566970
0
0
0
0
0
482413824
0
23881806
0
0
0
0
0
448706870
0
0
0
0
138847914
0
400936054
73539263
965738081
0
0
674383378
0
0
0
0
0
0
391546075
693017372
559099010
0
0
0
0
0
0
0
0
0
0
0
0
0
28783241
0
429503047
0
373340545
0
0
0
0
488523401
0
0
0
897529959
0
0
0
0
427902374
0
0
0
0
0
0
0
0
0
0
0
980540883
0
406147826
0
0
0
333964758
167544537
0
224434178
0
982214720
0
0
982758770
0
0
0
0
770639258
0
0
0
0
310124493
0
0
0
0
580669849
0
556884088
0
0
0
0
854099929
164823164
399910191
0
0
30799165
0
0
150789980
0
0
0
0
469881746
0
0
0
230190932
0
0
0
672280356
950515020
0
0
0
0
0
0
0
422452985
0
854621767
0
0
938952080
0
0
0
0
627031422
0
0
0
0
0
0
0
0
0
355151848
986607208
0
0
0
43917936
0
0
0
0
737893064
0
509699366
0
442839921
0
516786458
0
235299310
0
0
304444184
0
0
0
0
398850885
0
0
0
882529600
0
0
0
0
0
618474415
0
0
0
962445524
0
0
0
0
0
0
0
484789088
0
111041346
0
0
135650283
389373698
0
0
0
2063048
0
248730052
0
0
467686369
0
697501562
0
0
0
0
267026409
725731248
0
697740015
0
620635323
0
0
0
0
0
0
0
85779210
0
0
0
0
0
355081020
0
724525274
413975840
0
0
564143619
0
0
0
0
0
0
529466415
0
0
0
850081403
0
0
3626783
0
189875947
0
680587243
0
0
698836182
560484107
0
127044977
0
0
0
0
0
0
0
43862316
0
0
0
0
0
255981376
0
0
0
155412723
0
0
107686891
0
505078205
0
0
0
0
0
0
945744758
0
0
0
32225835
0
0
0
0
0
0
221961378
0
0
0
0
0
982047015
341843587
0
0
0
0
0
0
0
0
506820753
0
32195612
0
0
882533590
0
0
0
0
0
0
0
159560502
0
0
0
0
0
85980254
0
392326950
0
332800211
159613962
0
0
0
0
0
0
296196204
0
0
0
0
0
540052182
0
0
0
0
0
0
0
169813811
0
58759180
687458131
0
266250264
0
0
0
590810385
0
0
0
0
0
0
0
0
0
0
0
0
0
0
505723338
0
0
0
445285882
0
0
0
0
0
0
0
598664471
254327214
0
0
0
0
548163511
0
492388545
446568407
0
519992675
0
0
0
0
0
0
469886352
0
0
0
0
442950381
0
0
110294868
0
0
501610935
0
0
639033472
0
0
0
0
0
0
0
0
0
833195290
981728608
0
952309023
0
825515364
471730978
0
0
0
169689744
0
0
40869402
0
0
0
58724289
0
0
0
0
0
0
162722058
0
0
0
557810058
0
0
472598245
0
0
0
0
0
227245014
0
0
330637388
392214689
0
0
0
0
0
798541036
0
340221725
0
0
0
831524216
0
0
0
707904025
0
0
0
879074402
0
716539595
0
0
0
6895906
0
0
0
34991172
0
499530914
0
0
0
0
0
0
0
0
0
0
0
478400290
0
0
0
819663907
0
67491749
0
0
0
0
0
0
0
0
671973771
0
0
0
0
742474237
0
897930294
0
0
0
989466178
0
0
0
0
0
0
0
292293474
0
665132245
0
0
0
0
671734913
0
0
0
0
475657431
0
0
441583344
0
0
924328838
0
0
0
343378380
0
716521906
0
833171021
928978056
0
351328398
692225242
978064575
0
251265096
0
0
0
0
0
0
413814509
0
0
0
0
0
0
0
0
0
77601023
0
0
0
0
0
0
0
544722024
0
0
0
0
0
0
624869939
0
479249353
0
0
0
0
256528780
0
0
0
0
0
0
504909927
0
0
0
0
0
0
881838399
0
0
292554824
0
0
0
0
0
0
0
0
507133947
0
0
70032487
0
301665361
0
0
0
0
0
0
0
0
0
0
0
175865526
0
0
0
0
0
383601123
0
0
0
96881724
332710563
0
0
133852320
0
0
0
0
0
629322472
0
0
412757148
0
0
486215701
0
20942955
0
0
0
920299515
0
0
175671865
0
0
340177364
0
0
0
726288814
0
28228120
0
0
0
503925250
0
0
0
944999914
0
0
0
557053074
0
139223940
0
0
0
0
0
43474648
0
0
0
0
0
0
0
0
0
610681712
0
0
0
0
0
0
0
729835487
0
0
444745610
0
0
224427590
0
0
0
0
0
785286852
0
0
91405755
0
0
0
0
564294722
731328608
0
45880595
0
730425856
0
0
0
0
230403026
0
0
119534726
0
834943464
0
732445171
0
403946253
0
219804825
0
0
0
0
99296131
0
0
0
62465956
0
0
0
621088556
0
0
333871848
0
414045104
0
0
0
0
250096156
9696737
0
697882866
0
0
0
561661108
880297861
0
0
42451598
0
400654378
0
0
619997097
0
321748326
0
0
0
0
0
0
94940280
0
972183915
0
225227468
0
869237376
603925225
0
0
0
0
0
663251501
0
0
0
0
0
0
0
0
0
0
0
0
0
192319399
0
173521572
0
0
340964294
0
0
796357599
0
0
833462782
299151661
0
0
0
0
0
0
0
678487841
0
280436654
0
0
0
24116838
0
0
0
983901347
0
0
0
0
715015574
0
0
938865639
0
0
643913622
592280481
0
0
0
0
308451693
0
0
0
0
625820899
0
0
0
0
0
0
0
0
0
586877130
0
789295008
0
0
0
0
0
0
138376823
0
0
0
209610680
0
0
0
0
0
289008078
0
0
972886692
0
0
0
0
0
840244301
0
0
0
0
0
0
0
174107416
0
0
25304606
0
0
0
0
0
0
0
0
927968078
281896495
0
0
0
0
0
0
291606740
0
0
0
0
0
0
0
0
0
0
975727955
0
0
0
0
552829861
0
0
0
0
0
0
0
245793230
0
787555662
0
0
0
600521131
0
0
0
0
0
0
327733537
0
0
0
0
570114752
0
0
0
0
0
0
0
499110280
0
562675213
0
0
0
193012630
0
0
0
0
92391920
0
0
0
0
845754392
0
143738013
0
0
0
0
0
0
0
0
0
0
496909938
0
0
0
0
0
0
0
0
749236063
0
0
542976414
0
838540810
0
0
0
0
848863230
9167198
0
0
0
844700441
0
0
0
0
0
0
0
0
0
0
0
0
745809236
0
0
0
174930405
0
361500471
0
734260274
0
0
0
0
0
0
0
0
0
0
0
0
0
889361492
0
0
254337596
0
517830529
0
743630160
0
0
0
0
0
0
0
0
0
0
0
0
147455635
0
0
0
0
0
0
0
0
0
0
0
0
60535978
0
0
661788416
0
572158010
0
0
0
0
0
156219307
0
0
0
0
370111710
0
488957122
185534752
0
0
0
153168358
0
0
804819118
0
0
563511402
0
76481561
0
0
10830544
0
0
0
0
362655208
0
948602739
0
0
187249595
0
739612711
0
0
0
407110604
0
594159846
0
0
155250424
0
395810416
0
836442969
0
0
93187414
0
0
0
0
0
314816726
0
0
918685810
0
809928972
0
0
0
0
272593292
0
0
0
766720775
0
0
0
0
0
0
70378710
0
0
0
0
0
522441639
0
0
654535220
0
0
0
0
164189449
620724703
0
0
812545121
0
0
0
72771661
0
0
0
256341789
0
276160421
0
0
0
0
328587386
0
0
0
0
609885707
0
0
876003839
0
0
0
0
0
438601654
0
0
269655517
0
791889457
0
189152114
0
0
0
128723479
0
0
881943549
0
0
0
0
0
183327563
0
0
0
0
297772625
0
0
0
0
133989881
73009183
0
889867549
0
127478327
0
0
335172526
728044848
0
387863237
0
0
0
0
0
704063627
473485906
0
812731678
0
0
0
273714894
0
224292150
0
3245041
0
0
0
359666733
0
0
0
0
0
627844096
0
0
0
0
0
0
0
0
0
0
0
0
0
0
795065294
0
0
0
0
0
0
0
241574211
0
0
348169584
0
835331853
0
0
976716051
0
713304226
0
0
0
0
0
0
262603848
0
871093946
0
0
678568289
0
0
0
188492624
0
0
593927063
0
0
0
0
0
0
236259904
0
0
0
0
914624864
0
874362527
0
27707835
91701134
0
984370355
0
0
0
0
0
0
0
0
539634187
0
987320626
0
0
0
0
0
0
0
0
0
920302943
272384023
0
0
0
0
0
0
0
0
0
0
227833477
0
0
272640691
0
54116194
0
700872091
0
141853134
0
0
641333156
0
0
530391755
0
0
0
69645786
0
0
755456340
0
0
0
476848119
0
0
0
880174453
0
0
143806988
0
485922228
0
0
301293055
0
0
0
0
790459530
0
0
0
0
924383334
0
0
244877814
0
0
0
0
376508298
0
0
0
0
0
0
697295860
0
0
311633579
0
936810729
0
0
0
825659510
0
0
669091626
0
0
156508726
0
178680185
0
159933251
0
683554690
0
0
0
0
0
677594340
0
0
0
0
0
777802407
0
0
0
0
550935329
0
303581301
0
681777796
0
277096168
503935699
0
0
0
0
0
836389687
0
0
915508377
0
916099928
0
0
0
0
0
0
494501361
879886598
0
0
575212332
0
0
962052756
0
889342121
0
737524228
0
0
0
1350408
0
0
0
0
0
444817980
0
412629132
0
0
0
0
0
0
249630321
0
0
559770819
0
0
0
0
0
965988186
0
0
451904757
0
0
751340865
0
0
0
0
922257415
0
0
0
0
0
0
0
0
0
594831856
0
0
86140309
0
0
0
0
920172115
918712358
0
0
0
0
0
0
0
0
0
0
0
449729146
0
23742126
0
0
102922793
0
0
0
630713336
0
0
417100434
0
0
0
145190649
0
0
0
0
0
42520376
0
0
0
0
655873165
64035251
0
0
588788520
431507896
0
0
678581662
0
0
0
410803729
0
0
0
0
0
924209569
0
0
524321431
0
0
0
814186630
0
0
0
0
722496058
0
0
0
0
0
0
0
761978159
0
0
0
0
269979479
0
711580270
0
398520581
0
248149852
0
0
178525968
32398752
0
0
0
0
0
884650921
0
0
0
0
775482456
295464978
0
392008280
0
193977801
0
552124051
0
110697054
0
921476457
0
836449032
0
644795485
0
471927460
591157737
0
0
0
0
21634511
0
615461209
0
0
0
726182219
0
0
0
0
823503728
0
0
0
0
0
0
0
0
697469607
0
0
765067019
0
0
0
353085463
0
0
0
0
0
0
0
0
0
280517844
0
0
0
0
169659044
0
0
0
0
0
0
695602794
0
0
480750226
0
0
0
0
497738945
0
583559977
0
0
0
546361667
0
0
0
0
0
0
128229552
0
0
819311652
0
0
0
0
0
0
859905906
0
0
0
0
0
0
0
567518967
0
0
0
0
0
0
0
0
0
470748743
0
0
0
106938785
0
0
0
50381002
0
0
0
0
0
0
341168186
0
599030245
0
0
0
0
0
0
547481242
0
0
0
0
766950848
0
0
0
782631532
0
0
0
0
83881037
0
717614952
0
0
0
0
893098173
0
0
0
0
231734551
0
0
0
0
133436474
695518032
0
390103347
0
678793906
0
0
0
0
609339537
0
0
0
671109902
0
0
0
0
0
48468543
0
0
693270366
0
637687039
0
264703365
0
0
0
0
0
0
0
457852071
349546658
0
0
0
723613265
0
0
0
74011043
0
0
0
0
372256073
0
0
0
0
0
334281370
0
945864642
0
481025247
0
0
0
0
0
790848883
0
665177735
0
0
0
0
124317661
410787896
0
0
0
0
37188567
0
0
0
210872727
0
0
0
0
0
13650720
0
554241512
0
0
0
0
450399403
24181120
0
0
0
0
980242676
0
0
0
0
0
0
0
0
0
0
767636713
0
0
0
86313756
0
0
55572656
0
0
474765419
0
990193078
0
0
0
18254994
0
0
0
0
0
482168712
0
252785442
0
0
0
0
0
0
673180533
0
0
279830152
0
0
0
905936960
461461891
0
167364430
0
0
0
0
399535885
0
0
0
0
0
0
0
0
859602579
0
0
0
0
844966560
0
0
877149516
0
0
349221337
386862157
0
0
0
0
424616300
0
0
589075807
100549371
0
51147915
0
0
0
437033846
0
0
0
0
0
70485504
0
0
0
0
0
0
0
422182785
0
592498847
0
0
0
0
208898253
0
0
0
0
0
0
542804827
323990083
0
0
0
0
0
0
0
0
0
0
0
0
0
0
584676826
134939484
0
0
0
372525430
0
0
78233578
341952297
0
0
0
0
150917227
0
364478429
0
0
0
898255725
0
0
788330688
0
0
0
732043942
0
0
551162406
0
0
693333590
0
264338621
0
857233370
982333383
0
0
805061647
0
0
0
0
0
0
0
129331853
0
0
113247334
0
0
0
0
0
0
0
0
0
0
0
485930009
0
0
0
0
0
0
0
0
610492907
0
0
0
0
228627444
0
573361318
0
0
0
0
0
0
0
292401711
0
0
0
800746984
0
0
0
988223655
0
0
0
0
146613282
458021749
0
0
601047665
0
0
0
0
0
0
0
579135416
0
0
0
0
0
919910470
0
0
0
0
728512145
848063530
0
182737903
0
374808235
0
215484935
0
0
0
0
0
0
11220771
0
0
755871466
0
332275903
0
0
0
0
0
0
872072191
0
0
0
0
0
0
0
908657760
0
953548465
0
0
0
892757267
0
0
154757069
468150793
0
0
794660143
0
0
0
0
384256815
0
0
0
0
202958151
637110820
0
0
783756353
0
0
126437358
0
0
0
0
0
306119979
0
0
0
0
0
440953064
0
0
766820523
0
474320178
0
0
75116812
0
0
874380073
0
905082429
0
563910621
0
354383379
0
0
439965478
0
449448504
0
577451838
0
624191360
0
0
0
0
0
555968774
0
560134131
0
283968798
0
590675448
0
0
0
0
0
565858741
0
0
508848813
0
0
217559552
0
980173912
0
673853716
0
0
0
0
0
0
423906091
539417928
0
0
994745625
0
0
0
183442273
0
0
0
67264209
0
828324156
0
0
226218172
0
0
0
310430671
0
0
0
0
501766083
0
0
0
685794600
0
551172491
0
104401363
0
0
0
117705047
0
0
0
0
0
0
0
0
0
0
0
596436474
0
141580547
294316639
0
0
0
0
623142031
0
0
943070297
0
0
37221034
0
964116269
0
812989434
15175953
0
0
0
0
666715657
0
0
470280100
394240249
0
0
455673789
0
0
0
0
0
0
0
0
12851550
0
0
819577359
0
0
0
0
479737136
0
658146130
0
0
6832274
0
0
0
174482580
0
0
0
0
0
0
0
0
694071991
0
584336476
0
385231565
444341957
0
0
0
0
0
0
0
0
33568055
0
494544154
0
0
0
0
0
0
87992075
0
0
0
0
481731025
0
0
0
122606329
0
0
0
0
0
0
412380048
0
0
0
393501550
0
439270395
0
0
749341048
928003268
0
608882796
0
0
0
0
0
658615219
0
264933356
0
550497306
0
884978324
0
0
0
464584604
0
0
0
0
0
0
0
0
652370403
0
0
0
554624130
0
877103355
0
0
0
0
965418894
0
0
12346328
0
279979946
0
0
0
0
510245356
0
0
0
0
0
0
0
0
0
0
0
298993232
0
0
844696577
0
60747131
0
595526509
0
0
0
0
0
389738390
0
493329115
0
0
227936101
0
0
130091156
151932121
0
0
366387238
0
0
66852894
0
0
210207239
868241684
0
0
773623110
0
0
0
298614063
0
0
0
0
0
192649977
0
489101798
0
190850059
879542113
0
0
0
0
0
0
0
239716223
0
472007793
0
0
0
716536193
0
0
725526209
0
0
660894066
0
0
0
0
743747673
0
0
0
0
0
0
375404765
0
0
0
63123452
0
928897027
0
0
643881366
0
0
0
0
198782622
871549314
0
0
0
0
0
0
0
0
293988170
0
0
0
0
0
0
0
0
0
0
828175685
0
0
837653203
0
0
96596482
834132290
862250101
0
0
0
0
637378227
0
0
379215529
0
0
538962868
0
631505128
0
0
0
401888328
587964597
0
0
0
0
0
236667664
0
0
0
0
0
250837073
0
0
0
0
0
0
0
0
0
501496887
0
0
0
0
0
791501687
0
989362396
0
225146868
0
0
0
0
0
943937918
0
0
0
0
0
0
169037689
0
81475500
0
0
0
0
0
0
0
0
607480361
0
975471394
0
794112176
0
0
0
0
871767414
0
0
343614674
0
809438866
0
0
0
0
0
0
0
969051772
0
261273689
0
0
0
237017954
0
736900916
0
0
0
824273791
0
0
0
0
0
0
0
512265452
0
0
480335391
0
0
106070627
0
0
0
976064219
0
0
0
263094955
0
0
0
0
0
0
0
755252029
0
0
0
665726028
0
0
302544930
0
0
0
360951809
0
732546959
0
616174852
0
0
0
0
0
0
0
267691561
0
0
0
966666588
89206886
0
0
176931335
0
0
0
0
0
0
0
0
0
0
0
0
0
0
0
295586770
0
0
724516068
0
0
0
0
0
0
0
384002044
0
0
340749725
0
0
0
0
0
171938326
0
500457169
0
0
0
0
214537891
0
0
0
287922469
0
210114928
0
0
0
983657792
423244557
0
0
0
221522068
0
0
77249036
0
0
702961484
0
0
0
891993992
0
0
0
0
0
0
0
868863051
0
0
763999327
0
0
0
0
0
0
661059761
0
0
0
0
0
0
0
0
0
0
0
0
124792190
0
692744928
0
46340370
0
0
582656210
0
0
93169953
358400750
0
0
512434372
0
0
616800261
0
104204343
0
0
852945536
0
0
0
0
0
845893471
0
528970081
0
0
313360242
0
0
71444999
0
463124740
0
210559762
0
0
0
571611371
0
104361416
0
881672496
627195451
0
0
497770959
0
0
0
463906757
0
0
0
0
0
368510962
0
0
631559860
0
0
0
499365854
0
0
0
0
141477378
0
91588413
0
0
0
908672386
0
0
106624186
0
0
307384691
0
0
0
330077655
0
0
0
0
0
0
638996658
0
0
0
0
0
0
0
724417286
0
670916887
0
0
435755989
0
0
0
0
977129176
0
0
0
0
0
0
0
0
0
626109182
0
495665371
0
0
0
0
960955195
0
0
0
100534520
0
0
0
0
681232373
0
0
0
930725210
451945627
0
0
0
805420482
0
0
0
0
0
0
875965548
249410122
0
0
0
895100754
0
0
0
944035672
0
0
0
0
37539827
165662046
0
870691790
0
0
0
64250282
0
0
686007047
0
0
0
0
141821606
629601568
0
0
356513876
0
0
475608936
0
0
0
0
0
963088067
0
0
0
51560441
0
0
873371243
0
0
550121262
0
570692679
0
119236421
520803032
0
0
0
595920380
0
0
0
648886433
0
0
581986333
0
766742634
0
0
590738923
0
0
0
0
0
25525325
0
0
148341432
0
725877773
0
0
44829142
0
0
0
0
0
104085715
0
504549477
0
0
550349926
0
0
0
0
0
0
661356680
0
212888877
0
0
0
290070073
0
0
299370847
0
0
657056013
0
0
388591687
0
0
709611383
0
0
653557386
0
0
23414464
0
358187138
0
314754781
0
0
0
0
0
0
0
0
0
914843542
0
0
112879124
0
145334789
0
0
0
0
0
0
718350255
0
0
623380835
0
151965984
0
0
0
0
0
126707198
0
0
0
0
0
0
378126335
0
0
0
0
0
0
0
0
785953327
0
88104118
0
0
0
211705031
0
0
0
0
0
0
0
565207986
0
0
374270537
0
478095411
0
863304062
0
0
0
795372525
0
233647265
0
0
439650173
0
698885169
0
0
0
0
0
0
0
0
0
0
0
0
0
0
0
44888224
0
0
0
0
0
409409560
635804385
0
0
0
333297617
0
0
145674049
0
0
0
0
0
934422826
0
408446079
0
0
0
630565538
925547303
0
0
0
737448149
0
66256479
0
272897053
394704767
22225178
0
592139626
0
768576368
0
0
0
0
0
323243597
0
0
310014476
0
0
0
0
936290749
0
0
856915938
0
822926213
0
0
0
317324975
0
0
0
355440590
0
0
0
0
481907475
0
671834353
793165835
781008260
0
0
0
404898844
0
0
0
0
950105270
0
0
0
0
0
0
0
786341054
0
0
0
0
0
0
0
0
0
658714282
0
322280226
0
382334853
0
0
550708361
805196546
0
0
0
0
0
0
0
882835095
0
0
0
0
993176719
0
331619024
0
0
747725473
0
0
0
0
487017542
0
0
0
0
0
0
0
0
0
0
0
0
749118370
0
0
0
270348157
561024973
0
0
193441709
0
0
474191638
0
0
0
0
0
0
0
791575512
0
886670506
0
0
25649521
530194400
0
0
918088580
107465779
0
0
233051715
0
0
0
960435277
0
0
0
0
0
742238101
0
103166002
0
0
593957355
0
0
0
0
0
861298459
363406050
383033607
0
0
557470840
0
977450477
677780350
0
0
0
0
0
0
149093330
0
0
0
0
927275320
0
0
0
861819618
0
897663678
0
0
0
83945357
0
315255804
70056563
0
215348191
0
0
0
0
0
730299243
0
0
0
0
623697279
0
0
0
0
0
0
929697468
560177408
0
776141413
0
0
0
0
584344308
0
0
0
0
104018868
0
75814313
0
782574981
0
0
636977000
0
0
838752022
0
0
0
0
0
0
0
128116984
200911403
0
57542755
0
0
0
0
0
0
0
0
0
0
0
0
683557683
0
0
0
0
603990756
0
0
0
0
898217804
0
0
0
0
0
74552328
0
0
0
26347291
0
0
0
280829083
0
0
192055604
0
51092376
0
0
955592670
339283540
0
0
683735490
0
0
0
951728222
0
0
0
0
0
0
89355601
0
838490962
217459993
0
0
0
0
0
0
0
893071771
0
0
0
410655247
0
0
0
0
0
0
0
0
0
427900502
0
0
295622277
0
0
0
0
0
465511025
0
0
0
0
240808713
0
0
0
0
0
0
552835146
0
224288482
0
0
0
0
0
0
0
0
0
0
0
0
0
0
0
0
428309050
0
317145661
0
0
0
0
400864388
0
0
0
98025130
0
0
0
0
0
0
0
0
0
30255213
968921482
0
0
0
0
0
945534406
0
0
0
0
0
0
478275500
948479833
0
0
0
0
0
97638984
0
0
0
0
945696606
0
470254564
0
0
0
0
0
0
0
0
0
0
0
816812586
0
431398902
0
0
0
0
0
0
144418303
0
0
0
0
0
0
252283989
0
0
0
0
607638134
0
0
0
0
0
9476132
0
0
766197072
0
0
972874977
0
0
0
0
887773428
0
328854814
0
0
56946830
0
0
0
0
0
0
307677581
0
0
0
297539595
0
472058648
487628659
0
0
0
0
0
0
543327626
0
0
0
0
0
0
0
0
0
841947639
0
0
0
318572455
0
316264983
0
940140828
0
0
0
0
0
0
0
0
708962458
0
0
0
0
0
958477563
0
0
735944331
0
0
0
0
0
0
0
0
553010841
0
0
0
0
0
81735241
0
0
0
0
0
0
746326394
0
0
0
0
0
0
0
0
0
347894153
0
937202843
0
0
0
0
0
0
948860363
0
0
0
877098157
0
0
0
409009961
0
0
0
0
0
924798571
0
0
0
0
0
0
0
0
0
0
0
0
0
0
0
0
0
171140242
0
0
0
0
958762952
0
473002761
0
480226357
0
0
0
0
0
0
0
0
0
0
725709433
0
0
482089377
0
0
395196889
0
0
526005723
0
473399028
0
0
0
0
0
0
828349268
0
0
0
617309483
0
0
0
0
0
0
0
0
0
967656172
0
0
0
0
392853394
761672253
0
118745888
0
0
194264867
0
0
0
0
168556195
102838772
0
0
401454027
0
0
0
0
0
0
271642473
879728768
0
0
0
0
0
712098823
0
0
0
0
0
576741692
0
0
634681341
0
0
0
147249169
0
874692955
0
0
0
425964328
0
0
758614819
0
0
0
0
0
0
0
0
0
0
0
0
0
326202741
0
0
0
0
625822518
0
800469372
0
0
161935295
0
0
871653
803941971
0
110529697
0
0
0
0
0
471873611
233934050
0
510933207
0
0
0
0
0
0
0
175812048
0
0
770537973
0
0
0
0
0
0
0
306001386
0
0
876113376
0
378678265
0
662267582
142730818
0
0
0
0
0
0
590227363
0
0
656562845
105604709
0
0
0
0
0
0
0
0
0
533623297
730542411
0
82714791
0
0
0
0
0
0
564395359
0
0
0
0
152063327
0
0
0
377025949
0
580920679
13287844
0
243984546
0
826154611
0
0
0
0
0
0
0
0
85118906
0
881011598
0
0
987855943
0
228441101
849506921
0
0
0
0
0
0
0
0
698546530
0
377363337
876655719
0
0
162586524
918724192
0
0
0
387033451
619539137
0
0
747134375
0
674939538
0
0
0
0
0
0
0
2741053
0
0
0
598006274
0
92453590
0
0
0
0
0
0
0
0
0
0
687222432
0
0
0
0
0
907551927
0
263484193
0
0
0
0
0
94990398
0
0
974713498
0
0
852651560
0
0
331914395
0
0
0
0
206040781
0
0
0
0
0
0
0
639342959
278523795
0
101793351
0
574870985
3268688
0
0
0
472539752
0
98402902
0
0
0
0
0
0
0
0
0
343498591
0
0
0
0
0
0
0
0
971872258
0
0
0
0
0
0
0
0
464572457
0
0
0
178063204
0
0
113376903
0
0
724413612
0
0
0
0
0
0
0
0
181277120
176047568
0
0
0
0
0
880034782
0
0
0
0
76080942
6326183
0
0
0
0
0
784188528
0
369640678
0
0
0
0
176183236
251067757
0
0
1457753
295800171
0
726530401
0
0
0
0
0
0
0
836962603
0
0
0
871620490
0
0
0
0
751286627
0
0
0
218247291
0
0
0
763950417
0
0
0
590026934
0
0
0
0
0
870065685
0
0
0
0
861910278
0
0
601737298
742339765
0
0
0
0
0
432832869
0
622591544
0
0
0
0
0
0
0
0
0
0
0
261298559
0
0
0
0
290822271
0
651930207
0
0
0
0
148545504
0
167023970
0
0
0
0
0
0
0
0
598190692
0
0
844936691
0
617526806
0
0
0
319605519
0
0
0
0
559716813
0
0
0
0
0
0
0
0
0
0
594056480
0
0
0
0
0
0
138258338
0
0
0
436496299
0
0
0
0
0
0
0
0
939015024
0
13169160
0
17727075
0
11929267
0
0
16276642
0
717783152
0
697652839
0
0
0
741449660
0
0
683949437
0
877077923
0
0
0
0
845745892
0
8654906
0
0
608250214
0
0
0
0
0
865403681
0
949556359
0
0
0
42840214
0
0
738578708
0
0
0
531814096
995563638
0
0
0
0
664279531
707899088
0
485966994
0
695826007
0
831905745
0
313152131
785951521
0
0
0
0
810689899
0
0
0
572954588
0
0
0
0
0
0
0
0
167613110
0
0
0
148461860
0
0
710980530
0
0
929720955
0
291136702
0
6141937
999376689
0
0
28718217
0
0
0
0
654896134
0
6008064
678149733
0
0
0
0
0
752892730
0
0
0
942166644
0
744921380
0
0
0
0
0
0
0
0
0
478152690
896606454
0
0
0
338053029
0
572324663
0
0
0
0
0
0
0
243427147
0
503662760
369859750
0
710234712
0
0
0
0
0
0
0
0
0
0
858803886
0
0
0
368433421
0
0
0
0
768965954
0
134777409
0
681564106
0
0
745456714
0
340104446
0
0
0
348874720
0
0
964648309
0
0
292356239
0
0
0
243807066
767044060
0
927033593
0
342569287
0
0
995132748
0
0
0
0
0
0
0
967733760
0
187278009
0
0
0
701766224
0
0
0
453737831
0
0
986349888
0
0
938430520
0
0
0
0
0
0
0
0
276466307
0
983696607
0
465968571
0
0
340256874
0
0
0
211250827
0
911782788
0
0
880140507
0
472028138
0
0
222407209
0
0
0
0
0
360633629
0
0
0
198550319
0
0
392564740
615623622
251406569
0
0
0
190192934
0
0
946264379
0
550916244
683871037
0
0
249343642
0
387843672
0
0
0
0
0
0
0
0
0
0
472755657
0
0
0
186884122
292902010
0
50517465
0
667014976
0
651480123
784156111
0
0
0
0
0
114401588
0
0
0
0
0
0
339690264
0
0
0
0
526859674
129624972
0
0
122639118
0
0
0
0
0
0
631758077
0
663734969
0
0
26030128
0
0
0
0
0
0
668764533
0
0
0
0
0
0
0
0
0
0
0
657653850
0
0
0
0
0
0
0
0
487274197
0
745592097
0
0
0
436580267
0
0
0
0
0
0
0
0
0
0
0
0
167466721
0
0
82677443
569816819
0
0
271548246
0
306350144
0
0
0
0
0
373639898
0
0
384636461
0
810456400
0
474384058
0
0
457394540
0
0
0
0
0
0
0
0
226280142
0
729296999
0
0
0
377100780
0
0
987007466
0
0
297963039
0
0
622091255
0
849460502
0
0
0
0
0
705363655
0
0
0
0
2492553
12749387
0
0
0
0
0
0
0
0
128238703
0
0
664745167
0
0
351645535
0
519841362
0
0
0
0
0
0
507506923
0
0
0
227689680
0
0
318718028
0
253507540
0
0
0
0
4945158
0
0
0
0
612400180
24788155
0
0
0
0
529923662
0
0
0
399517072
150089192
24534504
0
0
8751144
0
0
476962378
0
621305247
0
0
12444909
896363982
0
828072062
0
225454689
0
0
0
0
537359767
0
0
90939015
0
0
0
0
0
0
0
934899758
190362479
0
971941228
0
0
0
118859184
0
955043341
0
0
0
915088226
0
0
0
0
339581895
0
0
0
0
0
857111255
0
0
744378365
0
0
0
9864736
0
0
83577438
0
0
480519507
0
0
523655069
0
27134867
0
0
571774369
0
299433820
0
775651228
0
609408667
0
0
0
0
0
0
183809126
0
0
501713657
0
0
0
642713720
0
996016198
0
0
0
0
0
678200610
0
0
0
0
0
0
0
0
0
774917064
0
0
0
107624272
0
81938063
0
0
461025479
0
0
0
0
0
33363811
428456250
0
669769249
0
0
0
0
0
415009485
0
0
0
993255167
0
0
0
0
474983303
0
0
137864793
0
81093167
0
0
0
690464007
593054502
0
0
577594933
609610513
0
0
0
0
894547619
0
0
459299266
0
0
907391251
0
0
0
0
974250294
0
0
0
0
0
721449860
0
0
487160427
0
0
0
0
999538050
0
798495692
0
0
0
0
0
900392253
0
907366460
0
0
0
0
0
0
0
0
0
0
0
0
730089457
0
0
22869253
0
0
0
354478343
0
0
0
0
949308206
239927893
0
0
0
0
0
0
0
7375108
0
0
0
719978869
107004652
0
0
0
0
906362375
0
0
0
0
0
0
379054228
0
0
779032173
0
0
0
917437920
369806695
0
0
0
0
217378741
0
0
368859714
0
0
748242086
0
0
0
0
0
0
0
0
0
0
0
0
0
84869709
0
570928889
0
0
581880731
831813950
0
885367567
0
0
0
603715398
0
924462020
0
0
0
0
340426698
0
602981978
0
799449989
0
0
945167013
0
0
0
0
0
892905340
0
973508376
0
0
753854586
0
0
517446971
490313927
0
0
0
0
94961835
0
0
0
0
0
0
119785986
838459619
0
0
0
0
0
0
0
50903340
0
924972918
0
0
578202659
0
0
0
0
872402474
0
705685415
0
0
0
998635797
0
0
64380089
121732435
0
178912903
0
0
0
0
0
0
0
97573112
0
0
0
0
876092485
0
0
0
192910247
0
0
0
0
0
80543083
0
0
0
0
876852519
0
0
0
0
363020779
0
130527775
0
0
0
0
796343669
0
808198961
297707590
0
0
918687085
0
0
0
0
0
0
509244968
0
0
0
402337960
0
0
0
0
838846121
940499976
0
881597110
0
940087410
232689344
0
0
0
269942730
0
778961991
0
667729351
0
0
566312038
0
812689265
0
0
0
0
0
0
0
0
582048157
0
0
496659369
0
0
0
0
224145462
0
0
0
299235847
0
0
0
0
958792437
0
853194602
0
818968342
0
0
0
0
0
735878876
0
0
0
0
0
218454659
0
0
0
0
0
95311540
0
0
378210012
0
0
560089515
0
0
0
0
0
0
0
0
0
0
0
976646939
0
886749713
180516699
0
0
0
0
0
790952883
0
0
0
389527853
373336305
0
0
0
870866996
0
0
0
0
0
0
0
0
0
0
0
0
938410715
0
0
239683772
0
0
234111988
0
0
0
0
0
0
0
251534245
968472411
96040613
0
0
0
258029943
0
0
0
0
842119020
0
0
210376767
0
0
0
578529146
0
868556896
0
754228312
0
54475341
0
0
0
0
0
0
0
0
0
0
0
0
0
365699963
0
0
85647937
0
0
0
0
0
712819742
0
0
0
278945082
0
0
0
0
0
0
140210038
0
0
0
0
90764500
0
0
0
0
0
0
771645971
0
0
0
0
0
688059046
0
0
0
59380348
973761240
0
0
620931560
0
218359492
0
0
0
0
873952112
0
0
0
582267694
0
180632466
0
812331360
0
265900073
0
907173775
0
107180318
0
688132194
0
74183680
0
0
0
0
356399095
0
0
0
138767244
0
0
416174596
0
0
409651833
0
0
0
0
363547664
0
0
903543495
0
178830445
0
523704512
0
0
0
765281429
287612952
0
0
0
0
0
0
0
0
0
0
0
0
0
332190645
0
138506976
0
146333511
720623229
0
0
395931385
0
14927539
0
0
344704502
0
0
0
0
0
0
0
0
0
0
0
0
640523666
0
0
0
0
0
598951927
0
0
0
0
568611021
0
0
806334131
0
237478616
0
0
0
0
825343862
0
0
0
353109568
0
88637256
0
0
0
823262343
0
0
0
0
0
0
0
0
173272886
183488113
0
589997885
0
293411845
651522425
81054235
0
0
0
0
628648137
0
0
775618818
0
0
0
0
821901497
0
395698284
0
0
470495776
0
599819688
0
638138075
0
190730903
0
0
0
337631128
0
0
0
0
0
0
0
0
934246179
0
0
491293360
0
0
0
0
0
0
0
885132981
0
0
0
867641087
0
0
0
0
0
0
0
0
0
244189601
0
0
807397562
0
0
0
0
0
0
0
286811608
0
0
0
0
0
327537565
724590073
0
0
545695464
0
375423356
0
178316502
0
0
0
0
862842789
0
0
0
581683800
0
0
99155125
0
0
902668853
0
858603027
0
599998104
0
163578229
0
0
0
0
0
0
690975100
0
0
6168193
0
0
0
0
0
205834862
0
0
0
318750022
0
0
0
0
0
0
0
868910888
0
0
506701974
0
0
0
0
0
542037614
0
0
615678337
0
0
688823730
0
0
542960882
0
0
0
0
0
0
0
257763538
0
0
582862222
0
0
0
823829794
0
0
550559260
0
0
0
0
0
0
0
914603625
0
0
470765210
0
0
0
0
38181910
0
0
0
0
289490048
0
441862920
0
0
0
174550606
0
0
213578846
0
51462588
0
0
0
13583332
0
0
0
0
0
0
573843261
0
197918472
0
0
0
0
0
0
0
805902149
0
0
0
788607287
0
922732236
0
0
149700708
0
0
0
0
0
61803262
0
676493140
0
160121585
310183802
0
0
0
0
0
382843460
0
0
0
0
0
886399960
0
0
0
0
0
401979991
0
0
0
0
0
0
277782172
50529641
818770737
0
0
522498854
0
0
282906422
0
453316912
0
0
0
0
0
0
0
0
549915720
0
516924803
0
905511626
0
0
0
892306914
0
77738004
0
0
159772965
0
0
0
0
757935051
0
0
0
0
390071518
0
0
0
0
0
0
543819695
0
0
449526001
0
881746639
0
0
0
0
375598533
0
0
0
0
0
0
0
652989304
0
486039183
0
449099488
0
0
0
0
0
623695066
0
0
0
0
964327491
0
674603768
141717858
0
0
0
0
0
0
0
0
792980310
0
0
137489480
0
0
90473467
0
0
0
161487234
0
0
569964409
652132369
0
299551218
0
284356358
0
0
0
0
0
0
0
0
0
0
468828772
0
0
0
0
433905603
0
787649246
0
0
0
700256423
0
854699217
0
0
0
0
0
0
0
547733809
0
882086789
0
0
846698545
0
0
0
0
0
192615924
0
210882553
0
0
0
0
0
0
347015791
0
0
0
0
0
0
0
0
0
0
253261153
0
0
0
0
0
0
180633279
0
0
0
0
0
600394424
0
672623637
0
0
535782666
974294872
0
968520137
0
0
0
480716631
0
0
0
0
118405425
0
702254538
0
0
632809821
0
0
0
0
170145495
0
0
0
230092080
0
0
0
299263508
0
0
0
0
243364595
0
704980175
916582569
0
0
360604662
0
0
0
815899737
0
393601503
276744297
0
0
0
0
0
0
0
0
0
0
0
0
0
909740218
0
0
26295138
0
0
0
0
950984560
0
0
0
530560699
0
0
0
166263322
0
0
915885803
0
0
576269974
0
977592207
0
0
507564596
0
815811247
0
0
0
0
567918344
0
0
649314965
0
0
0
0
0
0
958146022
0
0
106787635
0
0
0
0
36522867
0
0
458229495
0
0
0
0
0
0
950623260
0
0
435062470
0
0
830760967
0
0
0
0
0
0
995863484
0
0
0
0
0
0
0
0
0
803690971
0
0
0
0
0
499972253
0
0
0
0
0
0
0
0
0
0
659217247
0
0
0
0
92539189
0
0
238413432
0
257403150
0
0
115158755
0
0
0
498636335
56882796
0
0
0
0
0
0
815928031
0
141239892
0
0
0
0
0
0
0
0
0
0
0
668234226
0
0
822492244
0
970008455
65499654
0
665365351
0
0
0
0
0
0
0
0
0
975056510
0
0
0
7566920
0
544315196
0
612717848
0
0
0
0
849575338
0
0
16129917
0
240120013
0
0
348912407
0
931115776
0
683989409
0
98938121
0
0
0
0
455980369
64891423
0
556909720
0
92078536
0
0
240124967
0
0
0
0
0
0
0
0
0
55659753
541668945
265619
0
0
0
0
0
378564398
0
855098852
0
386821532
0
0
0
0
0
0
167792208
0
0
0
0
0
0
0
0
0
0
0
0
0
754191740
0
0
13892425
0
0
158389130
585479024
0
0
0
122763753
0
0
54440343
0
0
0
52902158
0
0
0
874385107
0
0
0
0
0
0
92429379
625917518
0
915187136
0
0
0
0
0
0
0
0
0
0
0
540192293
0
0
439543141
0
0
0
0
0
962907796
0
0
86152559
0
0
0
0
611358275
0
838621146
0
0
0
0
323638139
952643998
0
0
439154285
0
0
390210093
0
138779451
568588532
0
0
0
0
24955573
0
0
0
19825591
561773435
0
0
0
185152290
899925124
0
142559811
0
0
0
577676300
810745780
0
919776384
0
0
333076962
0
0
0
0
130084652
0
0
0
0
445849061
0
42009884
0
0
0
0
0
189819537
0
0
50262012
0
0
0
0
0
870224222
384465740
0
0
0
0
0
0
945597035
0
0
921289334
0
0
694711109
0
0
0
0
41075792
0
0
151886506
0
807340442
0
0
274854514
0
0
52554951
0
0
480523113
0
0
90583463
0
0
0
0
0
568287081
0
525636340
0
0
0
708314008
759730804
0
0
485949045
0
0
0
110275078
918311285
0
852848060
0
79421695
0
0
0
0
0
0
805470541
0
0
0
0
0
0
926785236
511691827
0
658242610
0
0
0
991400131
0
0
0
810759908
0
0
43359914
0
0
0
0
0
0
0
0
0
0
572190416
0
0
0
0
0
0
192098091
0
0
0
0
0
0
940276837
0
0
677813954
0
0
0
480227007
0
0
0
0
6925983
0
310708553
0
0
972238995
0
0
895790630
0
0
446594114
0
0
0
134272951
0
0
677701904
915547152
0
0
46950896
0
0
0
0
41499660
0
0
0
0
0
0
0
0
777259389
0
0
0
0
0
0
0
0
964507158
141782801
0
0
0
0
0
938251288
0
485575333
0
0
325687741
0
391444307
938948196
0
0
303674468
0
0
0
326835537
0
0
494310848
0
0
0
225059046
0
0
667631465
0
228181363
0
762262890
0
0
0
0
387846643
0
0
124713281
0
930545097
0
556648126
0
0
0
0
0
830341345
0
0
0
0
0
0
117549076
0
0
0
0
620515176
0
0
0
600856930
0
0
0
0
0
459364779
0
0
0
0
0
0
601431745
0
0
0
0
0
0
0
386730620
0
0
0
0
41599230
0
0
0
919269570
0
0
0
336280415
933851789
0
0
832792708
0
0
585447277
407923397
0
0
192822426
0
0
0
0
0
0
539426935
0
0
0
579156382
0
0
0
520648378
0
0
0
0
0
0
0
0
96370127
0
0
250812768
0
0
0
0
922626318
0
465606646
0
931790755
256963289
0
273050876
0
44976062
0
0
0
778875332
0
0
143162445
0
263054421
0
23590036
0
0
0
0
0
871827734
51629013
0
711685513
0
0
0
363574999
587430916
0
0
0
169911774
0
0
0
0
0
0
0
0
0
47695400
0
0
0
0
0
0
736468765
0
8327877
0
985256839
0
827644011
0
0
932343626
0
889828334
0
24796731
0
689565792
0
0
0
452075889
0
267182881
0
0
0
147096240
0
0
0
0
0
213558440
0
0
159464592
0
354411897
0
0
600263667
0
0
67765739
0
0
842545858
0
0
159550188
0
637189381
0
217154236
858587187
0
825944440
0
0
0
0
30089608
0
0
102453032
0
815298667
0
0
742417240
0
0
0
505579480
0
0
205198854
0
46961331
0
0
0
0
650913931
0
0
467922985
0
0
0
0
338144254
0
0
0
699028314
0
0
0
0
0
0
0
310432758
0
0
0
0
0
0
0
0
0
0
0
0
977281461
0
0
0
0
0
197719271
0
0
0
0
309772728
0
0
0
747532432
0
0
0
23288054
0
0
0
0
0
4372912
915568
0
0
0
0
0
523772946
0
951550820
0
0
0
0
0
0
0
0
0
0
224276736
0
0
0
400837538
0
0
0
0
0
0
0
0
0
0
0
280939848
0
0
0
0
0
1316637
0
0
192419244
0
0
257637197
0
0
0
0
103452982
0
0
695358413
0
0
0
0
0
879139348
0
0
0
0
0
549243340
0
0
0
0
0
0
776767929
0
0
0
0
0
0
0
0
0
0
0
122982594
0
0
602370308
0
0
0
0
0
0
97501487
0
0
0
70575715
0
0
960345595
0
0
0
143391930
0
0
0
660342952
0
0
0
104086552
0
483623280
0
0
828344801
0
6278253
0
0
0
0
285668264
0
0
0
0
0
695606495
0
780751545
0
999935615
0
0
573114331
883055395
0
0
98215350
496412119
0
298381875
385403052
0
0
0
0
527105222
82142660
0
0
0
0
408282465
0
0
199820523
0
0
0
0
693421228
0
0
0
0
631051469
347556630
0
760071349
0
795644256
0
0
719519478
0
0
0
0
0
0
0
0
718433679
0
0
0
0
0
0
597711930
0
0
109684831
0
286269770
986621427
0
0
866176015
0
0
130365020
0
854793753
0
0
0
0
0
0
0
0
0
345948804
521970735
0
44164561
0
534920208
0
0
0
34028179
0
0
669662639
0
928379266
0
869591744
0
0
0
0
0
0
0
0
0
862477672
0
0
0
0
0
0
0
0
0
0
384016489
0
11388151
0
0
449619605
0
0
0
0
665199462
0
0
0
0
932981522
0
458656502
886337515
0
0
38790273
0
0
174816879
0
0
0
0
524303288
0
0
0
748794288
232650491
0
0
985571600
0
0
0
0
595323238
0
0
0
0
408010103
0
0
989984709
0
0
0
0
0
0
732677683
0
635788525
424160610
0
365550569
411355632
0
0
0
669201863
0
297878326
0
0
0
0
0
0
227432710
0
0
0
364434883
0
431155353
0
358041641
0
0
0
0
0
0
0
0
0
0
0
724159720
508496332
0
0
86736532
424871886
0
0
0
0
0
0
0
0
157747066
0
0
0
0
0
0
0
0
502302537
0
592812745
0
0
0
360525446
0
0
199854742
0
681555942
0
906587720
0
0
0
0
103315863
0
499343247
0
0
0
0
673196063
0
0
0
0
0
914062787
0
0
0
475057416
0
0
206170040
0
34295559
0
0
0
0
0
0
0
775309173
0
0
0
0
0
0
0
0
640504964
0
0
135740911
835461466
0
105962074
0
0
0
0
0
780434285
0
735975858
0
0
966767327
0
0
0
0
0
292677711
0
0
0
0
0
0
0
0
0
0
86299083
0
0
0
0
387619711
2831834
0
0
0
975806562
0
0
934250595
0
331493826
0
0
496741284
0
101800103
0
90650335
95352255
0
0
0
0
0
23158289
929895654
0
0
0
0
586765114
0
0
961529627
0
0
0
239692900
0
963612003
0
571348138
0
0
0
734736544
0
0
941336714
0
0
0
0
0
493788047
0
0
0
0
322614888
0
8546335
288524727
0
0
0
421296855
0
420099411
0
22902690
0
0
628664640
0
0
0
0
0
46875966
0
668641171
0
0
459811987
0
251472764
0
808572622
926289375
0
272627052
0
298098040
827403933
0
0
0
987806910
0
0
0
297455328
0
155868236
0
0
981561863
0
400464445
0
0
465446561
0
85731823
0
0
90256554
0
0
0
0
746272357
0
0
0
542551237
0
0
0
0
0
0
0
0
0
506140141
725102649
0
0
0
0
0
0
789051681
0
0
481120801
0
0
0
0
0
0
0
0
0
0
0
428325289
0
0
479129116
0
0
0
0
662774366
0
782729099
0
364384562
0
0
0
58681757
0
0
0
349576553
0
0
0
343566988
0
465636847
0
0
0
0
0
501125863
154202476
0
0
641094830
0
0
0
307811133
0
0
0
187566836
0
0
0
0
0
782320169
0
0
0
376909451
0
0
0
0
892245063
0
910475750
0
0
59165021
533654720
0
950756851
0
723117966
0
0
0
910960401
0
0
0
0
0
0
0
979244685
0
0
285944948
0
0
391020497
0
0
5990886
652845882
0
163956600
0
0
0
0
796418460
0
438908380
0
0
0
0
0
0
0
975524308
0
0
880225771
710664224
0
0
0
169696648
0
0
0
91543357
678003117
0
0
0
0
0
449677165
0
0
0
0
0
0
918058581
39790284
0
111145412
0
0
0
426040180
0
0
0
0
114003120
0
0
0
0
0
0
0
229176420
732118458
0
0
0
0
511355334
0
748775337
775308651
0
0
318436902
0
0
0
932365410
0
960574810
0
0
0
0
0
315956759
80407999
0
0
0
0
780964065
0
0
132335554
0
0
0
0
0
0
209351341
0
632820938
0
206870958
0
0
0
0
0
0
797896495
0
434839519
0
0
443543929
190437189
0
932641837
0
0
0
0
854297608
0
0
0
0
0
0
604880280
0
0
0
0
0
132254030
0
0
193691745
0
453736295
0
120577816
0
0
0
195887144
0
0
0
890694072
216219480
0
0
0
0
483488667
0
0
0
0
0
0
0
59098180
0
0
0
0
0
0
0
0
0
334781822
244443801
0
154068809
0
0
966161292
0
386225580
0
0
0
0
0
0
31112094
0
253483228
0
490291356
0
0
0
0
717651919
0
941372187
0
0
444914734
0
790179717
0
0
8274287
0
0
476535920
0
0
0
842462024
898263375
0
0
548010764
0
0
0
858965299
0
801389081
0
0
22484323
0
0
0
0
0
0
147590247
0
0
0
0
998995965
0
0
949225918
0
0
0
0
0
0
0
0
0
0
0
606760
0
0
0
0
0
464265583
0
0
0
0
0
0
630490168
0
0
0
146736942
0
0
0
0
0
936222488
0
0
0
0
0
0
803912462
0
0
0
0
0
0
0
847719255
0
0
0
0
0
0
0
0
0
172454810
0
0
0
78991041
0
0
0
66842330
0
320091275
277790514
0
0
107508106
0
0
0
0
0
0
0
0
0
0
0
0
0
0
556421439
0
0
0
0
987852654
0
60598491
0
0
0
0
0
0
0
0
0
0
72314835
0
901793433
0
582201289
0
0
554417927
0
0
0
0
515243577
562321154
0
0
0
0
0
0
0
651032606
0
856238044
0
0
0
0
389139290
0
0
0
0
0
0
0
0
0
0
0
548352631
0
0
0
486346892
0
75819028
0
0
0
395752047
0
0
0
654988895
0
0
0
306257446
0
0
0
0
0
0
0
0
0
280915011
0
68171035
0
0
0
99399651
0
0
0
0
0
0
62842426
0
0
0
0
0
991022318
0
0
0
0
575232788
0
0
0
0
0
0
0
21715189
0
0
0
0
305503658
0
0
0
0
0
0
524664788
0
716838007
0
399656448
0
0
0
0
641887029
0
0
0
0
19968020
0
0
195708505
0
43941414
0
0
0
0
0
0
0
347837933
0
0
711677876
0
0
0
413743658
0
0
0
0
39104439
0
0
0
0
0
0
9436792
0
0
0
82621269
0
177351101
0
0
0
0
749313748
0
0
817724340
0
0
834916703
0
0
612550277
0
0
562271792
0
0
0
0
0
0
0
22769139
0
718693393
0
642326097
0
987639210
0
0
0
0
927783400
0
0
814782120
0
881600479
0
0
894251367
0
0
804811881
0
0
0
63652289
0
0
726861397
0
0
0
0
841486733
0
0
0
0
599964149
842187014
0
83222406
0
46259858
0
723884320
0
93833684
0
955374587
0
0
98651037
0
775610196
0
0
217336619
0
0
0
0
0
0
0
0
0
167866482
0
413764136
0
0
88933626
0
477907097
0
0
0
0
544654838
0
0
883777699
0
0
879154256
0
0
0
0
0
0
0
741369138
0
0
0
0
166443993
0
0
0
0
0
0
309154195
0
0
82340810
0
0
0
0
0
0
0
0
0
774331224
0
0
0
0
0
0
0
101492435
0
562672063
0
0
1476247
0
0
0
7332683
0
0
0
0
0
0
0
0
775247987
0
246197647
0
0
0
0
0
0
0
321755317
0
0
0
0
0
0
0
616284718
0
0
0
0
0
0
0
0
0
453058376
0
0
0
528964672
0
392728403
0
0
0
0
0
87431516
0
0
0
0
0
0
0
669077661
178912567
0
0
0
0
0
0
0
544808959
0
0
0
314817372
0
36761695
0
863706652
0
0
388478196
687215369
0
928287869
0
0
0
0
0
0
0
158556509
0
0
0
0
0
651143678
0
0
0
0
310984495
0
0
0
283192155
0
768571746
0
141216039
0
0
0
0
0
7688057
0
0
0
0
0
0
746098316
0
0
0
0
0
0
932731210
0
0
0
587206357
0
0
8829952
0
0
0
899697367
0
0
0
0
880993923
281615369
0
0
0
0
849825333
0
0
0
0
0
0
0
0
0
0
0
0
0
82434526
0
0
0
0
0
868141332
0
0
0
0
0
0
0
0
89690403
0
338554612
0
718272628
600999960
0
0
0
0
0
0
0
0
361105402
0
0
0
977170262
0
107201100
0
0
0
0
804392933
0
0
0
443127839
0
0
0
0
0
0
0
532650264
0
0
0
0
6430987
0
0
250721523
0
0
0
480648943
0
568719283
0
0
0
0
0
0
0
0
0
0
0
0
724650049
0
0
0
0
0
308354733
0
0
965217496
0
0
0
0
0
0
0
0
0
745799327
0
0
0
0
872228260
0
711819085
0
0
330033649
0
0
0
0
676296011
0
0
0
0
45993082
0
0
887830638
0
0
0
0
0
0
915766698
0
0
287110120
134674964
0
0
566381269
0
0
829629138
0
0
0
0
375150777
757356596
403593798
0
0
0
684992579
0
724978571
0
976394040
0
0
679674566
0
0
0
866749771
0
0
0
0
0
0
0
0
147760595
0
0
0
0
0
0
0
907896971
0
660877374
0
92060585
623646409
0
0
430540149
0
0
911514118
0
189352645
0
0
0
0
0
524491310
0
0
0
0
0
0
0
0
0
793125814
174579314
0
607561267
0
0
0
0
0
0
0
64775648
0
18176510
0
495445876
0
884926487
0
0
0
0
661487848
0
518454394
0
0
447139188
0
0
0
0
54470540
0
618493747
0
0
0
0
0
827007004
0
0
50438634
0
0
805424129
0
0
0
0
213706613
0
0
0
0
0
640011415
0
0
0
879879728
0
0
811073078
0
0
0
0
237496466
281868754
0
0
0
29598299
0
0
0
0
0
0
0
446418470
0
576187538
0
0
926967497
309985468
0
0
0
0
28051487
0
0
0
0
0
0
220216970
0
900252464
0
0
0
0
449377525
0
0
0
0
725538688
482505595
0
322776737
0
0
0
716284497
626006840
0
882616034
0
0
0
0
804487530
0
965547060
0
0
0
575699151
0
0
0
748321876
0
76255756
0
0
470460346
0
166907097
0
0
0
0
702809649
0
0
448305319
0
0
0
0
0
84332769
0
0
0
742578593
0